-0.264815915160348 -0.101597194806655
-0.133198553285823 -0.0524621907997431
0.108064554870441 -0.0152583249715221
0.112020967460625 0.0220569154508283
0.168372443694442 0.0329246243659202
0.244611573858943 -0.104069299964401
0.214078727034285 -0.0762672735900362
0.176507287422753 -0.0398740738474915
0.118112431373599 -0.0618592675219513
0.10940858006786 -0.00684854564498475
0.124858576445004 -0.042102298008011
0.123760752741561 -0.0529972290565015
0.0952739038104603 -0.0300392447020137
0.0653659157141428 -0.0310478958836274
0.106705555038187 -0.0540747174720973
0.20498765271097 -0.0619593695434102
0.149189423132103 -0.00684268851789491
0.137688599192375 0.0136674951039683
0.151676968997109 0.0247414130015865
0.163506684600116 0.0285299692149824
0.125609264906951 -0.0240386812324764
0.11633342097765 -0.0286200862385826
0.107467593975962 -0.0760573238604143
0.0949228218680631 -0.0781995950991786
0.0436661284779655 0.217266423979465
0.0523424689932539 0.11071821501928
0.0343368565643969 -0.0195905638801206
0.0797260705661325 0.00055316722631072
0.0752204062397246 -0.0439856602788294
0.0687094165725167 -0.0807567672595206
0.13404177478121 0.0770413940404098
0.142738508631774 0.0112093895437472
0.111422000986831 0.00250417101886536
0.11282230990049 -0.011932255579177
0.113283630791716 -0.00672734502236859
0.0810720562401493 -0.0525185852623001
0.124896472550555 0.0376006313042472
0.132453353658907 0.0446765078424325
0.0967518564467102 0.0341493562315614
0.102929808773934 0.0537133120303402
0.131832118177941 0.0894162498687788
0.164303692196094 0.127306044376887
0.181189438365756 0.153430570184675
0.163334264224289 0.153837701922152
0.0915830773090574 0.114575314219328
-0.0532192148425773 0.021691281706214
-0.207887386457124 -0.0557101689059582
-0.328162691814113 -0.0093600031780335
-0.142331384741426 -0.0952575622927723
0.0141420430741901 -0.036742486447666
0.0696389023317934 0.00583937028019742
0.0676058849109594 -0.00430861204048065
0.0680824682796141 -0.006336034863734
0.0827059024867618 -0.017480552593729
0.101267880127064 -0.0291289280514564
0.113560093795183 -0.0326679240579066
0.10937423608578 -0.0194843034340705
0.0904704834744709 -0.00440326581805069
0.0826749101570292 -0.0129295375973323
0.0876320221533727 -0.0283688884874498
0.0840660885684197 -0.0241157564281728
0.0931576101592178 -0.000595479306575407
0.118698596004571 0.0109580486170875
0.108049513280577 0.0166424830838576
0.0332507050792727 0.0157815299652614
-0.0320923585409862 0.00577196452030704
-0.0394598539112799 -0.0184336686451697
-0.0790203318138612 -0.0513979803079286
-0.278871807016279 -0.0804136152830453
-0.474324449564508 -0.149451038426541
-0.524951873038538 -0.240949660198942
-0.476719845352836 -0.25591869662461
-0.375594134421869 -0.0953673637279102
-0.300015325740589 0.044112328759618
-0.293306945479721 0.054550969801404
-0.317462948918325 0.165362754689376
-0.260327071214543 0.194731897547386
-0.203118136168851 0.222762735384243
-0.19165254195557 0.230026388214292
-0.262515703027294 0.153605832971626
-0.333233526624869 0.0572165375966466
-0.340346213065752 0.0120481306681476
-0.313878158116793 0.00261527596407265
-0.301568809207957 0.0240872326793159
-0.316477826032529 0.0857641552161199
-0.334094265487995 0.166250755803046
-0.345801670810622 0.214673130374468
-0.339887571841912 0.198891949792076
-0.321549751712264 0.142475019000788
-0.307537133591289 0.0781091350598167
-0.314598640648601 0.0384810950283766
-0.345461561208519 0.0274863360673557
-0.391749184773699 0.0249186197624099
-0.429952608094798 0.0263894908294444
-0.440747060391701 0.0294792273979189
-0.430501665305371 0.0336752132845292
-0.405585546476768 0.0384648323059711
-0.372367827546855 0.0433354682789404
-0.337217632156591 0.0477745050201328
-0.30650408394694 0.0512693263462441
-0.286596306558861 0.0533073160739702
-0.283863423633317 0.0533758580200068
-0.30467455881127 0.0509623360010497
-0.334065971211695 0.0439164125301283
-0.352648087236888 0.0312699338007999
-0.360681710481372 0.0152885074840504
-0.356815630802871 -0.00274831403069191
-0.337778069548977 -0.020327786789655
-0.300297248067281 -0.0349371668390668
-0.241101387705375 -0.0440637102251555
-0.15691870981085 -0.0451946729941489
-0.0444774357312984 -0.0358173111922751
0.0994942131856896 -0.0134188808657621
0.152258343378881 -0.0134450271509969
0.145108271847062 -0.0071348329880108
0.119557764102668 -0.0719455858928078
0.0865131928285132 -0.0538052766164899
0.0453547944131806 0.0114448495242716
0.0131319653459022 0.0791150270251201
0.00689410211591012 0.104515490381699
0.0436906012124365 0.0429564740896521
0.0807190463459627 -0.0345207611518727
0.0728190338220234 -0.0175027904198851
-0.057231509744764 0.0118959863173535
-0.10692309301394 0.000295496133097439
-0.0128261087831366 0.0208508852813181
0.0906553852875425 0.0442592957179995
0.143892695574719 0.0488341538042737
0.136660952113838 0.0426220453524422
0.13317242461996 0.0329560884599608
0.162891774272788 0.0216255738460273
0.12796386138685 0.00552981718868167
0.115214535216933 0.012685687249922
0.114013169797118 -0.0396066012306079
0.0660284709985545 -0.124297109685097
0.071417552256368 -0.0588488299756744
0.0953885438208665 0.00456373844697805
0.104931697194809 0.0276956366487766
0.119151077390413 0.0173635034080265
0.142776658697093 -0.000196554614994936
0.164683492623619 -0.00625431058390565
0.180193260011233 -0.00525194545624254
0.184627641701175 -0.00163164018954254
0.173308318534688 0.000164424258657359
0.141556971353015 -0.00430593306917969
0.105706690389589 0.00282232399920207
0.0859770077113077 0.0206269742135108
0.0835192669096005 0.0164849504823883
0.0967936441015866 -0.0527614743025756
0.0936576812470825 -0.0930967492661373
0.0916471959192193 -0.0558353417721938
0.120091557423948 -0.0180915954851588
0.151928485715979 0.00457152502831435
0.0224552678649248 -0.00932417912597222
-0.22461869749756 -0.0382564406369354
-0.303737523073706 -0.0332875247633075
-0.136074053684224 -0.0143050452962336
0.0683501451766255 -0.0242633822392893
0.161817879796295 -0.0488249501698524
0.163005301562257 -0.0563870413763975
0.166444247287569 -0.0489318703326286
0.171459189836299 -0.0495374927772457
0.180568219228986 -0.048775138109323
0.164628095626158 -0.0339243646746429
0.142150318581798 -0.00782860324596849
0.141732804982064 0.0137507681415755
0.149361940985742 0.0241572702486642
0.151024112751617 0.0167344238359728
0.132705706438478 -0.0151742503358237
0.111382281360513 -0.0323588904144958
0.104018728329943 -0.0118132074933383
0.0965854307526003 0.015500959770038
0.101429816136118 -0.00417628291314492
0.101128264906194 -0.0484494543664917
0.0539802644432931 -0.0544154821008029
0.0021948561489396 -0.0328845645974714
0.0129501838376441 -0.0111553837722366
-0.0302050144026212 -0.0275732054629435
-0.154131055953372 -0.0616919959253774
-0.157263380204326 -0.0526234877021882
-0.055819789943971 -0.0268097512065941
0.0193723012705441 -0.033936131951714
0.0979630378965015 -0.0479792751300488
0.0343036433871129 -0.0375733643418382
-0.136753064247725 -0.01916235487985
-0.125522404711276 -0.0309355926014467
0.0184006754922433 -0.0579813393817727
0.0864992724537144 -0.0663392719787948
0.0557075188584889 -0.0380410785740756
0.0576528884663398 -0.0242422039646389
0.0985101090863397 -0.033346342677605
0.137805081388144 -0.0396403535161076
0.129087672365139 -0.0616742945753238
0.113402322485269 -0.0436881537684257
0.103446259564942 -0.0056651827054465
0.0829031326027224 -0.0117868657749848
0.0990400086177033 -0.0197325227329819
0.158261062656762 -0.00191386027092086
0.218957886515378 0.0313724406284579
0.2396087860916 0.0523674701154191
0.226748007586161 0.0624661781979872
0.186909797199793 0.063063514884187
0.126628401133229 0.0555544301820428
0.0524380655871998 0.0413338740995795
-0.0291269632375612 0.0217967966448216
-0.111532439140322 -0.00166185217420626
-0.18824411592035 -0.0276471223494795
-0.252727747376914 -0.0547640638729736
-0.298449087309281 -0.0816177267366638
-0.318873889516719 -0.106813160932526
-0.320947378107216 -0.113485413389537
-0.320652727017922 -0.0946518686472866
-0.325012614791849 -0.0637410831136668
-0.341049719972009 -0.0341816131965691
-0.375786721101414 -0.0194020153038857
-0.436246296723074 -0.0328308458435083
-0.490893294868338 -0.061323420372577
-0.509229859262632 -0.0826090729700136
-0.499834611990091 -0.0964273878263823
-0.47128617513485 -0.102517949132247
-0.432163170781041 -0.100620341078173
-0.391044221012799 -0.0904741478547238
-0.356507947914258 -0.0718189536524635
-0.337132973569552 -0.0443943426619565
-0.347201993769244 -0.0560251275167848
-0.365549035191614 -0.0907366710566127
-0.347579716252365 -0.0525693827811278
-0.303594836128158 0.034584323856928
-0.272195527820216 0.0866813186298325
-0.25123791048109 0.109455116875428
-0.238578103263331 0.108639233931556
-0.232072225319489 0.0899671851360582
-0.229576395802115 0.0591724858267774
-0.22894673386376 0.0219886513415551
-0.228039358656974 -0.0158508029817667
-0.224710389334307 -0.0486123618053459
-0.21681594504831 -0.0705625097913406
-0.202212144951535 -0.075967731601909
-0.210932033208364 -0.052008703327326
-0.243949683208379 -0.0147236603945207
-0.255532757941919 -0.00166542647063136
-0.250529455671865 -0.0104002983826031
-0.287429062841616 4.10883486957533e-05
