0.0641582232445864 -0.0798372651849273
0.0984908192865792 -0.00215096567715143
0.106920434189877 0.00270195842580577
0.146493122749968 -0.015129002738365
0.130666558480557 -0.0441093612172041
0.136444434813085 -0.0280684890967448
0.117209152375689 -0.0343385236287921
0.0949218185674245 -0.0607392772380086
0.138977544205466 0.02190556211025
-0.261794772627363 -0.067634437162377
-0.0429470287589452 -0.0524773036186881
0.189196385337776 -0.0182320653270912
0.166816165214237 -0.00243737970368593
0.20284548079178 -0.0256022105887222
0.130244435824894 -0.0846699972136648
0.134157594142892 0.00985066329788563
0.153454837822451 -0.0231691971186986
0.1690565224887 -0.10135386845095
0.161588917424859 -0.0731741417906644
0.0738932526305092 -0.0476310221737044
0.0538274298728475 -0.0503550258428527
0.209269326859492 0.00674361470287557
0.13849321822942 0.00961475460587683
0.146524235396593 0.0185089702188476
0.108272023886005 -0.0178940656906982
0.071652406483974 -0.0524856111644375
0.120459741515468 -0.081310570276555
0.138016929544887 -0.00363227223802044
0.154544225065168 -0.0548605214598556
0.178056688942623 -0.107969898000014
0.140977347325752 -0.0154532613996713
0.147227957494446 0.00615619974291949
0.147330055180163 -0.021249165340388
0.0868723985452977 -0.107637389936195
0.126512732444232 -0.0282581045923316
0.102732712338863 -0.0644858403218322
0.111266204073917 -0.0158976426968775
0.111119390620633 0.013454689761876
0.109877005320441 0.0145750687849212
0.140865125264838 0.0032064267866038
0.0949012381633278 -0.0456838591839726
0.130752531243959 -0.0750885431599827
0.120582775360715 0.00993530754707683
0.160394436979975 -0.00597855587203231
0.148008406849974 -0.0707089467096475
0.121786184141716 -0.0305150518266856
0.123497470219138 -0.0431222682508932
0.121212797933509 -0.110747763631137
0.0690202896314389 -0.127054307433808
0.144728957146879 -0.0784723844273693
0.116361215856824 -0.0300680715700158
0.103307306052424 0.0147895233303114
0.126366041472517 -0.0103514681472517
0.185533967544768 -0.0733726095528974
0.124318295289979 -0.00622783548601795
0.125739109795186 0.0180463628870851
0.138674402323108 -0.00547699926688929
0.0355155669623435 -0.0447769396679986
0.155224669147997 -0.0699965773530993
0.133742643951328 -0.0903542581219275
0.177200938410979 -0.0738132766600269
0.162595258968133 0.00178978050835299
0.149064497091917 -0.00380324586387709
0.12496476227227 -0.0440188741652008
0.0966369286121128 -0.0821748608395819
0.0807099455309293 -0.108565514119258
0.0938127624482024 -0.113485142236465
0.119491310957219 -0.0881748325747771
0.129407934628499 -0.0445005279418475
0.121946370348654 -0.0111440258300895
-0.129253681063053 -0.109657074040563
-0.156042190957621 -0.0180077217308311
0.0216412830575613 -0.0420208517728965
0.0992499029045181 -0.0160592995545225
0.098548146563867 -0.00625393546122285
0.0706086983187361 -0.0134065947548805
0.0645005488736506 -0.0356185596043886
0.0734097821703162 -0.0572673376184701
0.0905224821504389 -0.0627304364058481
0.1148688514353 -0.0504853182414514
0.15013445352933 -0.0305375898207797
0.190025987926585 -0.0174498142285177
0.226911011136845 -0.0210789650884872
0.258949933950121 -0.0360363824489727
0.284303167156428 -0.0569334063582592
0.301131121545776 -0.0783813768646314
0.307594207908179 -0.094991634016374
0.301852837033651 -0.101375517861772
0.282067419712204 -0.0921443684491095
0.24639836673385 -0.061909525826672
0.193006088888603 -0.00528233004274394
0.153585889379175 0.032911024608465
0.171200024996114 -0.00979039528747655
0.218554712377648 0.00237919363370386
0.144406019873519 0.0304619417543388
-0.302113240742075 -0.0224857328712631
0.133458811076452 0.00670565546893395
0.140830007874841 0.061847623709877
0.0990670729863834 0.0301465544603812
0.00430650753226521 -0.00868000992041165
-0.00980531512614864 -0.0181545602476087
0.0523672565788593 -0.00277768254916331
0.0981329494891654 0.00834435304944102
0.128647749877373 0.0147805295868019
0.145067644016085 0.0160998301015169
0.148548618177906 0.0118712376321837
0.140246658635437 0.00166373521739986
0.121317751661283 -0.0149536941042371
0.0929178835280464 -0.0384120672941295
0.0871584237631546 -0.0439102551825494
0.126051127387473 -0.025436481480462
0.170294668721746 -0.00998536469219637
0.156892770044036 -0.00421902381530663
0.0828359141831018 -0.0182958092490198
0.0130530106320752 -0.0549140672609008
-8.41641637554823e-05 -0.101000088675735
0.0852183344243995 -0.0743223285392068
0.165175804950618 -0.0229448386862615
0.196890588148825 -0.0601378381928534
0.199300027213965 -0.0918400082480348
0.154758206904079 -0.0369439184579012
0.139027434576317 0.00261278966115203
0.138339630098329 0.000341362564305931
0.114908267473939 0.0131889947010065
0.0995743228308267 0.0203696210188721
0.114911034632141 0.0526224978920703
0.141820501626587 0.0875100478523706
0.146921587167737 0.0577296110242166
0.12912283000714 0.0225113364828164
0.12687698750198 0.0178197753003971
0.116594088616495 0.00841510851675322
0.100092614155639 -0.0123519761638081
0.109916548321561 -0.0255825611871725
0.115858833273617 -0.0105129592171085
0.142122244378919 -0.026328771297777
0.169458742007182 -0.0516082007180711
0.152373932295263 -0.0154604766660455
0.141852910414227 0.0113739686515401
0.15654342286571 -0.0125252058240158
0.166059022631252 -0.0334023622985312
0.165312055766208 -0.0350773127905162
0.164328533521747 -0.0467901630429821
0.161563616626028 -0.0646794059222784
0.155472465807205 -0.0848835342947543
0.144510241793436 -0.103541041026759
0.127132105312876 -0.116790418984643
0.101793217093681 -0.120770161034754
0.0669487378640093 -0.111618760043443
0.0210538283520156 -0.0854747088770577
0.0521405769815296 -0.0369472294951473
0.149168860585493 -0.0135111835852031
0.171110941318638 -0.0176837197092169
0.13294556817896 -0.0260137811612207
0.103194306350398 -0.0472709451483029
0.0911236533903971 -0.0650404909490966
0.0917075814659376 -0.0780306162272442
0.0999200627440015 -0.0849495186463884
0.11073506939157 -0.0845053958701716
0.119126573575626 -0.0754064455622362
0.120068547463149 -0.0563608653862248
0.108534963221121 -0.0260768530057798
0.0322304250913005 -0.0222817780551716
-0.112352754328836 -0.0501908263644054
-0.257059040338728 -0.0597439198907267
-0.357835500962097 -0.0523134028179956
-0.420324909091171 -0.0588718155456352
-0.450915287328159 -0.0737593743542354
-0.455994658275268 -0.091316295524386
-0.441951044534706 -0.105882795336677
-0.415172468708679 -0.111799090071698
-0.382046953399396 -0.10340539601004
-0.348962521209063 -0.0750419294322909
-0.322307194739889 -0.0210489066190419
-0.33775355112134 0.126125723519272
-0.366292883173843 0.233332162238518
-0.312078541455432 0.267584224960573
-0.259138371597482 0.339764743996879
-0.230804478398203 0.389960553605944
-0.179794233250262 0.405549586245158
-0.179363374794012 0.377879023516067
-0.300155046041615 0.134177166047932
-0.399472484503169 -0.0711777863965833
-0.402328479509166 -0.027443805281861
-0.395842135472968 -0.0474339255129014
-0.387019946369742 -0.0744392222566722
-0.403267937098053 0.00598987890405875
