0.064740818902606 -0.0177060117316936
0.0675297264570686 -0.0348198741766602
0.160761609218424 -0.0227650383262155
0.166150494315896 -0.0397904765714642
0.162810572903548 0.00874258349351383
0.15597214436892 0.0096038234959135
0.135671323592764 0.00836280043207031
0.105904837546978 0.0218310396166023
0.0866984000128703 0.0266846768382959
0.0980777247717525 -0.000400152114062487
0.121833233725292 -0.0318724711683991
0.124576549530934 -0.0338315450361268
0.12198069425839 0.0725837895421164
0.0534128641311597 -0.0150915331544152
0.0462516670973035 -0.0112403595654106
0.131807476899085 0.114846658838406
0.148802481778888 0.0784207475807964
0.120702672692343 0.0257800529308247
0.0743061669484326 -0.046132685515665
0.0467196349796444 -0.105629298998481
0.0492997979036064 -0.126191077136624
0.0934033768379463 -0.081299309549096
0.142987873750332 -0.0207602270728795
0.150737310357519 -0.016134329619846
0.148389367539382 -0.0324881998878814
0.168549339289683 0.028529641681153
0.185159000004404 0.00437216873022899
0.208382888372659 -0.00259002159688427
0.227745130036496 0.0459819231413485
0.216844806467229 0.0824830687013616
0.149280999136174 0.0393084808395896
0.0822704576933768 -0.0326320602123076
0.097540241850961 -0.0343861534171741
0.135858026906829 0.00856348913377572
0.182933823533638 -0.0140078164128119
0.152315366868872 0.0100064154083525
0.109666489967674 0.025500603062881
0.0878946949375276 0.0360592471100875
0.0810586364682915 0.033925788644
0.102687995228445 0.0109288459094843
0.10672627393234 0.00802032020739436
0.0976453380636746 -0.080897756834488
0.156793903651908 -0.0531583031115672
0.111961105852509 -0.045729657424255
0.0965474249778987 0.0426123145775635
0.0596480064107808 -0.105501659058688
0.0379292076867909 0.0364531313394168
0.134585617992349 0.0793675329585526
0.0895439160318911 0.0299823330218438
0.0426116773688942 -0.0462703483876416
0.119307659600015 0.00761710546122475
0.172576880327849 -0.0713452513189557
0.138843644266258 0.0277407919062664
0.172406609888406 -0.0482274408767109
0.148526552149215 -0.00851711919285701
0.12321675420542 0.00819910537213456
0.0935216236054317 -0.094737615293896
0.0846247976817016 -0.184423413579286
0.100851222928886 -0.178940150366857
0.111430036369306 -0.137852931764786
0.0855903750252808 -0.120726863881249
0.0565955730433584 -0.107988460233789
0.0903394514228521 -0.0365942419337424
0.0829545004058254 0.0612244387342249
0.0811356209470632 0.0149383695612626
0.116337562034074 0.056120110632197
0.147049538168108 0.108982191672716
0.153596565724198 0.0780158586641159
0.0679554475008476 0.0251267561829448
0.0469706860517371 -0.00520168200151476
0.117084922326395 -0.0920490140206525
0.110716603432884 0.0151190463778004
0.167716542594377 -0.00982404534792042
0.144939758114671 -0.02768576708459
0.11376613592451 0.0144098519698557
0.0895025041919046 0.0678083900580905
0.086468481799235 0.0919780120290318
0.0906931127340851 0.089850294015787
0.0882054409840376 0.0643568121514639
0.0763691913420112 0.0161737799603129
0.0603439064684917 -0.0560036889334913
0.0373013738217698 -0.12317294456164
0.00902362296459281 -0.159277104872772
-0.018161939490402 -0.168745168353019
-0.0379279069305773 -0.156006133488516
-0.0439468727432962 -0.125488998765396
-0.0298914303159214 -0.0816227626697941
0.0105658269641842 -0.0288364236878431
0.0724156181666513 0.0179039415853842
0.118324017914541 0.0454776128953848
0.106131466150636 0.0522236262668791
0.0850694804696413 0.0220345446104331
0.105600718039292 0.0110394965976909
0.136217429410341 0.102628372242769
0.13242331663343 0.0775439052648784
0.11503225149066 0.0188878132340408
0.0958590097191148 -0.0544514195346309
0.0877210788938268 -0.113803287153572
0.0884804893477808 -0.159036000169407
0.0959992714139626 -0.190017769128763
0.108139455425357 -0.206616804578266
0.122763071714949 -0.208701317064542
0.137732150615725 -0.196139517134217
0.150908722460669 -0.168799615333916
0.160154817582767 -0.126549822210266
0.163332466315003 -0.0692583483098927
0.162361147850781 -0.0134267430852815
0.160153584226047 0.0239880254640475
0.165362860506508 0.0226047050748584
0.172893413839836 -0.0120986956408666
0.159612079085626 -0.0434686878037465
0.102385691103471 -0.0348517825344001
0.0642774010406257 0.00458189971263767
0.142693196439366 0.0440961986468138
0.175438050688899 0.0590917415869323
0.152822194469593 0.0194080745356384
0.111607507224333 0.0190995178644583
0.0646181442737485 0.0220644733435054
0.0329952052370388 0.00963178808848756
0.022781466729029 -0.00851061298075368
0.0400197053645434 -0.0226748049443768
0.0963262845063603 -0.03108666161763
0.154345331790209 -0.0357426548828497
0.169516302502116 -0.0154577281362247
0.154941137687921 0.0229257414536978
0.129697989011594 0.0413986310475902
0.112865008137104 0.00195181780612504
0.120714719505499 -0.0556363337613427
0.171985240165708 -0.0695538253145944
0.136510967735767 -0.0114623524541374
0.0914016197944948 -0.0306887050457437
0.113654605174502 -0.00148496754243251
