-0.00879644370725848 -0.0385915589269042
0.0554943638046744 -0.0194991231742568
0.0842076697677454 -0.012115502597103
0.0558191294407169 -0.0157664424238484
-0.0163917328310133 -0.0285964639329623
-0.0761951406422757 -0.0457876536735295
-0.0673613175879007 -0.0625220981946344
-0.0611111051774506 -0.0652804880987958
-0.256378676610095 -0.0526069466121018
0.120291504576168 0.0513765705649447
0.167711854898319 0.0113830992835194
0.0704220436333076 0.0137339789048732
-0.118956728030928 -0.00802562408305924
-0.271061736354706 -0.0641629183762424
-0.303071680598214 -0.102999208707221
-0.132165260021637 -0.0728557998085397
0.0803356023004958 -0.0171697387781841
0.0970238582596552 -0.0137079012791022
0.0968123100051271 -0.0635215565978121
0.0894900583931195 0.0184508393450425
0.0729913486237954 0.013760491676434
0.0853882341815038 1.98496541442488e-05
-0.0548211131813635 -0.0919506193103253
-0.172586750320934 0.042432534895429
-0.243361396866872 0.2138632276061
-0.239103553819743 0.285516046072729
-0.185202352127081 0.282815603552146
-0.107046922736418 0.23118651330118
-0.0300263965952866 0.156053388576659
0.0204700953487796 0.0828408426354127
0.0190534221482482 0.0369734887342701
-0.193868494184257 -0.00345157853738454
-0.0939880367313758 -0.0207878609320666
-0.113375904087798 -0.0309660716941691
-0.0846628466133472 -0.0205176219212379
-0.0344708391070974 -5.81958110708044e-05
0.0105781436318762 0.0197965224385342
0.0238621268044987 0.0284308486297792
-0.0212408643883048 0.0152290985648663
-0.151352804745609 -0.0304244119540025
-0.234898007816895 -0.0766391422082513
-0.125700859294384 -0.0915230222241325
0.203224862801686 -0.0144216106884414
0.136403716748378 0.0164340679508879
0.117061364841817 0.0483098036105241
0.119424192366317 0.042692207749212
0.121751503727771 -0.0193958780864928
0.111157676035508 -0.0715620537754524
0.0759311682053219 -0.0446233412089855
0.0360559591420379 -0.0487731699453963
0.122529901356461 -0.0301457763462466
0.141281621457768 -0.00379273281698305
0.134138256213975 0.0239703813695664
0.0745453622724335 0.00356194547897651
-0.286000348429943 -0.0464459651692768
-0.457865864482673 0.132210435269331
0.0472688214893739 0.0224460994685811
0.111451676525059 0.0125946874531905
0.100487445222836 -0.0150879997572768
0.0873218062485271 -0.0341744642540305
0.0239756086721003 -0.090179469132851
0.16231826654817 0.0335018561612666
0.15891582758271 0.0519723912736237
0.11653248786104 -0.00523324646230321
0.127110722332565 -0.0192558776487902
0.107434046627704 -0.0855151390409238
0.0588180382569782 -0.0129076006513336
0.0708586548128485 -0.0337215220410245
0.149047800873485 0.0177634245198164
0.229405007085333 0.068217189457895
0.255607466783234 0.0718238167199174
0.238180693639578 0.0408564955166371
0.187650201326755 -0.0124115849411929
0.114541503517154 -0.0757072354428191
0.0293801138831649 -0.136757266777489
-0.0573084539028228 -0.183288489734448
-0.13499868616842 -0.203027715102944
-0.193165069241235 -0.183701753672223
-0.221282089448881 -0.113037416231532
-0.253111423230227 -0.0491140977224405
-0.339346348694642 -0.070406323436529
-0.394995540574349 -0.0722199864350413
-0.412936886021577 -0.0666045999848822
-0.379819015895012 -0.0239330557493011
-0.366346044267082 -0.154449184713583
-0.341945493290412 -0.0343661320844816
-0.342112246120884 -0.022262108284677
-0.344723944669683 -0.0278681928365031
-0.336149712145219 -0.0154804317013371
-0.322915831261781 -0.00420180895058956
-0.311548584733657 -0.0131353086556714
-0.302981224947902 -0.0499504963507355
-0.296068198395024 -0.0916091280159878
-0.295945878359892 -0.183821513557191
-0.301522753818598 -0.308106973167092
-0.314248049688049 -0.326359901456848
-0.335570990885151 -0.100474693037614
-0.32552340748087 0.196161100423777
-0.237148257175639 0.263725518351077
-0.122074404981349 0.396798730026852
-0.239888967403506 0.281583145495343
-0.493922181333396 -0.0268063832802646
-0.328494192822125 0.122845065306897
-0.341573999027 -0.0201019660750513
-0.384734283867934 -0.0140453438980538
-0.382582582503473 -0.00924605238517937
-0.268846353986159 -0.0722074072077623
-0.181651165189379 -0.0636910861626081
-0.416558774874774 0.110096729745214
-0.269179752438273 0.0203524220109092
-0.130623018254133 -0.015616599019145
