0.156748096830139 0.0233386144086817
0.105145782148799 -0.00605127208157393
0.0390384768873599 0.000792897679700346
0.0846918576062637 -0.0118338123467618
0.0756949603644138 -0.0771776641911181
0.0949096949388666 -0.0634254705044283
0.0951514196098588 -0.00978130442411671
0.0794977490870922 -0.015977459198114
0.052742309335554 -0.0618305605333685
0.0104313051906451 -0.116726471060494
-0.0485465211158653 -0.146453265541369
-0.114742544663456 -0.155567345221266
-0.178708140531605 -0.148625111345461
-0.230994683799792 -0.130182965159228
-0.262153549547494 -0.104797307907842
-0.262736112854191 -0.0770245408365772
-0.243178589208813 -0.0496050715268413
-0.233602478417054 -0.0317489820811122
-0.222302367986114 -0.0262097472061363
-0.190025881192265 -0.0256201738323011
-0.145531873243739 -0.0290601733219489
-0.0975791993487713 -0.0356096570374222
-0.0549267147155938 -0.0443485363410633
-0.0263332745524403 -0.0543567225952148
-0.0205577340675443 -0.0647141271622189
-0.0463589484691391 -0.0745006614044182
-0.112495772965458 -0.0827962366841549
-0.227727062764735 -0.0886807643637717
-0.305739192112078 -0.0792413996456857
-0.283758291195742 -0.0338390608813737
-0.0398663459732065 -0.0254785472879937
-0.0369048818669706 -0.0637521456156144
-0.168447633416707 -0.069246238237316
-0.301078518091974 -0.0740377956276196
-0.321952825009126 -0.104678878170753
-0.307121122669932 -0.107998109548601
-0.322014988526483 -0.0891722261006369
0.149292359734556 -0.0034847468694205
0.137796457408329 0.0178608424428161
0.144577432039981 0.0153153437620395
0.116823697507198 0.0466418702982045
0.103476433859836 -0.00860282828979928
0.170079868373003 -0.0300595568564129
0.141520402868903 -0.0412458990275542
0.0334498993944016 0.0173231784491575
0.0757511145162818 -0.0482675498138141
0.093706079283508 -0.0560484256633086
0.128276151110718 0.0241110272000846
0.143303028621555 0.00880864109905102
0.142451723963509 -0.0272327034581956
0.128312549467711 -0.0245677313781263
0.123150752771344 0.00133871571795151
0.0920733966953098 -0.0266813766706555
0.0849095194310079 -0.000542089477423041
-0.0170046210913417 -0.0994552854133936
0.0745227488125876 -0.00980000060814218
0.181707208614832 0.0249837650405227
0.252218795115991 0.0162869432415506
0.240656353049231 -0.0257181501578002
0.188522035491393 -0.0602620020391079
0.137317995519315 -0.0465750992839507
0.0995298653326362 -0.00918402411747841
0.0665353214443699 0.0169336390420292
-0.01790148551125 -0.111626097301432
0.148075488416752 -0.00280384055120211
0.131110054021603 0.004413324585549
0.0735525222281206 -0.0837422003111372
0.0918324263259988 -0.0224288107443322
0.0889623671031723 0.00103498751693431
-0.0246513466287863 -0.110106625601972
0.159422693599028 0.0181765527623579
0.146033482126604 -0.000918461103376986
0.0690064276996171 -0.0232113426869939
0.102969693518778 -0.00252068715905541
0.0741507111706714 0.00337651732444857
0.0748182301614687 -0.101246859554314
0.13116940595044 0.0329734596671852
0.146056237571017 0.0191016041352839
-0.0540791618553699 -0.0128261655393739
-0.048814367346293 -0.130654332174871
0.18209175123434 -0.345211362086222
0.357823673162319 -0.439554847185237
0.293823992964874 -0.304805692915285
0.130938065147738 -0.101164090938754
0.010011244216646 0.0111697670819637
-0.189363069859096 -0.019981509506047
-0.105835464421365 -0.029254049371805
-0.0889464478720347 0.0305358358043137
-0.0196843348180382 0.146978598597308
-0.0117210152719258 0.186160978580247
-0.178728379246248 0.0141697153262029
-0.0887410583874337 -0.0583559991756132
-0.00727368142452782 -0.0220582066247903
-0.0780764837392819 0.101434835866056
-0.228205302791197 0.123146333187327
-0.381047478579552 -0.110008781495029
-0.480446713209986 -0.351235512426234
-0.512379063720885 -0.439140736611137
-0.493282315084316 -0.407355513705341
-0.439594252272346 -0.289510903364451
-0.367752660257042 -0.119237965244068
-0.294195324010471 0.0698322410002021
-0.235360028504698 0.244068655712757
-0.210223969265546 0.345066456972778
-0.231122596484094 0.317340941712265
-0.261050992474793 0.328057908525199
-0.262553342074543 0.28722236232182
-0.420967482362196 0.185183075275873
-0.323938224205037 0.17119239967282
-0.295933681180559 0.161349974042112
-0.330857407201588 0.0413421029044134
-0.294452261853518 0.00943912827273306
-0.257223186718879 -0.0145861547757583
-0.181027364158481 0.0234510590238483
