-0.371340394797549 -0.0731483877960378
-0.337463609834514 -0.0399658443911104
-0.393638026302316 -0.0501057769338938
-0.420211083699971 -0.068065635754533
-0.418498786559506 -0.0654328627167936
-0.337363410810757 -0.0169157884381798
-0.386203382926968 -0.0444843742774807
-0.411799672473956 -0.0736139666626496
-0.375279950673157 -0.0768458987284766
-0.422436803435296 -0.0648921250774243
-0.361239536861422 -0.0194622584179742
-0.3758150146494 -0.0178283529698239
-0.41186763967076 -0.0313090607032981
-0.392313074434864 0.0250996819272387
-0.384685341290446 0.0764240513205509
-0.406346486035509 0.113096965897206
-0.444207748832238 0.00564828786498604
-0.41036260549952 -0.00783526492888739
-0.396864119520755 -0.00247822035863776
-0.40677531152137 0.0326587883640196
-0.244923174760663 -0.0192519043369613
-0.322232494229505 0.0616311061619024
-0.31270579804211 0.00823910454275995
-0.330185272548294 -0.050676001330393
-0.341217809921701 -0.00471932267203204
-0.322245886585995 -0.0174475657627309
-0.28563024656557 -0.0147465934926504
-0.254850651607442 -0.00204001119307728
-0.248178275068976 -0.0086725258526859
-0.266950228057849 -0.0156630822018454
-0.312503621681738 -0.00403062497092484
-0.400879475162215 -0.0442195181216006
-0.45795560322799 -0.125158620520491
-0.302835843073986 -0.0560272099905699
0.125642183969467 -0.00110026991242077
-0.0841515221321484 -0.0158831910510433
-0.205678719424237 -0.0279923251232107
-0.231352123026177 -0.0109779652955667
-0.165134319792059 -0.0314760819543747
-0.0212569170328326 -0.0379592316670605
0.0368850889848569 -0.0148122320745151
-0.181557558742387 0.00875432129094942
-0.448965582968039 0.0220178530288078
-0.550931333796968 0.0351556420108655
-0.526606137906562 0.0464205602645697
-0.415141321974207 0.0540654798173676
-0.255688212677291 0.0563432726967063
-0.0873981366932027 0.0515068109300331
0.0505775793006724 0.0378089665447951
0.119087608626946 0.0135026115684395
0.135224095086093 -0.0106450554061117
0.138707995812884 -0.00547028774757126
0.132131673307034 0.0244920741277222
0.126366241502958 0.0486438170698212
0.132282814335072 0.0363867279287781
0.131039229410973 -0.00469272988518384
0.104823495695655 -0.0545906921992786
0.0966272292912436 -0.0696268959538782
0.132391686745787 0.00969764142485476
0.139855275090517 -0.0125108779854159
0.114143643415063 -0.0464718794795299
0.0735822429091324 -0.0288155644587025
0.0891081864860657 0.0105333786141676
0.107898355382662 0.026662688613008
0.124477503309748 0.0256566695094752
0.133370383978148 0.0135996252752259
0.129101751098689 -0.00342414011808316
0.111125209783933 -0.026601814804356
0.0813033984447259 -0.0676116569038304
0.0502757214704506 -0.0712917523024046
0.0441501723924697 -0.0321223496297023
0.0471652951702496 -0.00723021300571205
0.0223703764909895 -0.00399938261831333
-0.0393052160207761 -0.0051811342482932
-0.107708718770615 -0.0161141908759334
-0.152687368164095 -0.0421372754815154
-0.171299046045602 -0.082477687250782
-0.183366296115561 -0.130156238294952
-0.185366431175951 -0.16923716494071
-0.174690159306629 -0.188384681335382
-0.156701802614033 -0.190527746578424
-0.136765683204601 -0.178595319769296
-0.12024612318477 -0.155516360007456
-0.112507444660977 -0.12421982639236
-0.118913969739662 -0.0876346780234673
-0.14483002052726 -0.0486898740002357
-0.195619919130211 -0.0103143734221231
-0.276647987654951 0.0245628646114126
-0.359819380290401 0.0485632902541717
-0.414886444434831 0.0555263991845792
-0.446420511465593 -0.0392376229538887
-0.454561607221009 -0.207132303301257
-0.434797885313004 -0.279330101845298
-0.382617499353498 -0.0870034785737843
-0.317643861122014 0.196613394696647
-0.267946866243241 0.254263078505066
-0.227785463715723 0.306413831272911
-0.217898678040823 0.345605408929757
-0.220009795715243 0.368895955211835
-0.236710103523225 0.375142825375086
-0.28424247845782 0.342314636213773
-0.346421703028355 0.287679887479131
-0.407062559744159 0.228507078922392
-0.44997983111456 0.182064710294789
-0.458988299648886 0.165621281347556
-0.417902747856466 0.196445291831926
-0.310537958246626 0.291805241499132
-0.198351080119863 0.312313818119014
-0.27759498255414 0.29341323452173
-0.408058729182243 0.141456161426642
-0.318344308764167 -0.0835769837156764
-0.350219994007521 -0.0708646102510314
-0.203887088180828 -0.0618456152488007
-0.0589338083553705 -0.0227492840613345
-0.0561905247781983 -0.00727668162565139
-0.147157208234437 -0.00882508281489103
-0.28333382950921 -0.0207917625021929
-0.416220359387643 -0.0365739955606965
-0.497316768654861 -0.0495690568635413
-0.478123028095989 -0.0531742212838669
-0.310139108496151 -0.0407867636948128
-0.0864413350198121 -0.0214034261243038
0.0845992082393829 -0.00922227895187138
0.204685856111736 -0.00504112592562686
0.253943704539304 -0.0095770295981932
0.21249784946414 -0.0235470525221933
0.0604733868283002 -0.0476682572502502
-0.0386433433800328 -0.058041856849884
0.0535576870877512 -0.0361108855013018
0.14099414267026 -0.00310792469487477
0.106507298187443 0.0316566684411261
0.117614667531632 -0.0185612040763266
0.135889147823053 -0.0808754253370603
0.111258358459626 -0.077307506205347
0.0810420646873624 -0.0450856460512856
0.0749627614586467 0.00547016798882193
0.0586266511714075 0.013396441710116
0.144791504088093 0.0597782345131432
0.117489953496235 0.0335927824385171
0.147727362867542 0.012128963373563
0.173435215042299 0.0102761974612812
0.182357056113402 0.0283949391808313
0.156870270221889 0.0414830080361905
0.116858994860177 0.0279629020978966
0.103224054439198 -0.0116790814402879
0.116150558384275 -0.0327927770981697
0.120132806731918 -0.0122520765490945
0.0913561793085276 -0.0135863316403957
0.0569838523420385 -0.0612847351700053
0.0579768204712546 -0.0736609402371667
0.0847154597872268 -0.0447893399832856
0.0963046732632223 -0.0267518909657937
0.0867922458613703 -0.0248735914079734
0.0199607105013873 -0.020636004012091
-0.0403883629110639 -0.0226347071888022
-0.0443593583396909 -0.0423093594139907
-0.0463163475850236 -0.0572954188183901
-0.0585725219612483 -0.0628826066701436
-0.0934410727825504 -0.0543606442373942
-0.163235191363116 -0.0270192527882849
-0.280268069017132 0.0238518464090413
-0.372055444646078 0.0668620931666853
-0.381975172369063 0.110766238632319
-0.346133616326712 0.220492528541155
-0.297583880617282 0.298372925144664
-0.255543104537125 0.271405149946366
-0.235363705024006 0.241516087559551
-0.281470847401295 0.317258338709846
-0.373506172197018 0.291555731890383
-0.408421053472134 0.10900861577941
-0.373602562476794 -0.0200522668557972
-0.322881374739543 -0.0685475986171625
-0.312241976922857 -0.050633880339414
-0.331210400207232 -0.0212608900996778
-0.333929636898238 -0.0145392263634728
-0.307902777981423 -0.0327569610629642
-0.271593219467693 -0.0519923266980755
-0.225584411200657 -0.0670411625859629
-0.170459803023918 -0.0726993080437828
-0.106802844781084 -0.0637626023886915
-0.0351969863157605 -0.0350268849378453
0.0340921037475045 0.0122289310217664
0.0882788232275319 0.0514391215111567
0.125384269839809 0.0632227720477527
0.147774022656687 0.0559638283272123
0.157601453534906 0.0385835252617291
0.15701993433121 0.0200030977634969
0.14818283690234 0.00914378074470918
0.133243533105038 0.0149268091175598
0.128173795118896 -0.087450267620071
0.126548336658013 -0.223208777008024
0.0969249418808903 -0.0840557996906895
0.0236255478165105 0.208551106705814
-0.0781985190813466 0.349098224506554
-0.193745390516985 0.369794232993925
-0.308213198194711 0.302847811450319
-0.406800073818827 0.18046763915813
-0.474704149093639 0.0348623953997509
-0.49712355572345 -0.101759240542425
-0.459256425412567 -0.197188589386004
-0.346300889865293 -0.219216971848592
-0.143455080785932 -0.135635708647798
0.0326404527751955 -0.0420691650072367
0.0944631937776323 -0.027958672947514
0.122771978423196 -0.04059379052272
0.152189173175299 -0.0456444937981093
0.171988989736813 -0.0291981807035165
0.170747976095625 -0.00544778759101437
0.153228260148154 0.00898264579385303
0.132982423460074 0.0243590664310444
0.123394918632715 0.0197304186672573
0.118489306822633 -0.00986807463534269
0.102776832428336 -0.0301910487235952
0.0823160030613061 -0.0334358825505385
0.061769567569464 -0.0390589244261779
0.0648135275568992 -0.0341558952092523
0.102438160562738 -0.0107394085902295
0.138032486742713 0.0171721069010062
0.134985526252554 0.0355602227345708
0.129983847731749 0.0158777326043138
0.137053860977851 -0.0277366279281942
0.0855943478836966 -0.0452723745912555
-0.0413131334040942 -0.0387219120685429
-0.120941549443986 -0.0331405313988823
-0.014423905400775 -0.0131120778433061
0.127762159029037 -0.0119806820597576
0.105865721543557 -0.0513792950602983
-0.0151561469300918 -0.0983249926371365
-0.17034637546479 -0.119834850582481
-0.294747893133417 -0.0829259446885398
-0.354724635375212 -0.000402777445505438
-0.369938324132084 0.0871333229074744
-0.355378568230913 0.170970041954757
-0.326034976498581 0.242395065280701
-0.296897157761966 0.292696078469662
-0.282954720847951 0.313160767106
-0.279241601584281 0.318756497695048
-0.244800390437824 0.339679590542347
-0.198739022526105 0.351226417778366
-0.181310708743991 0.33671572678345
-0.185235953543056 0.322312196717083
-0.18457946056613 0.328972068572789
-0.143845115596165 0.35650132441317
