-0.390784731239803 -0.0232711527823375
-0.383412767214101 -0.0223558027241762
-0.34079361781045 -0.0251541715963507
-0.41391441458181 -0.0812188267412707
-0.38736462262282 -0.0287618320886158
-0.346242144051882 0.0196900131035986
-0.293836369940702 0.0563897429856025
-0.244951490216759 0.0648467576077312
-0.201969165379178 0.0516356864732715
-0.167271055927088 0.0233311590855102
-0.143238822359615 -0.0134921950522657
-0.132254125175888 -0.0522597464367696
-0.136698624875033 -0.0863968655647146
-0.158953981956177 -0.109328922932814
-0.201401856918449 -0.114481289037781
-0.266423910260976 -0.0952793343763281
-0.335268918072523 -0.0643371425637667
-0.387578346896535 -0.0387957305055408
-0.427788961426716 -0.0341364561083645
-0.455789086361118 -0.0475139576122017
-0.464642564351794 -0.0522738613788875
-0.447413238050794 -0.021761793770257
-0.402243614431562 0.0497289107592486
-0.329938016082763 0.152670276605843
-0.248573992805197 0.241770334903386
-0.179346014472012 0.281554557017916
-0.12616949762292 0.287730845915974
-0.0929598587976356 0.276007104564101
-0.0836325145358704 0.262091235928841
-0.102102881377338 0.261691142976734
-0.152286375861751 0.290514728674324
-0.244503364879643 0.266332201674162
-0.407476402117209 0.0684707204182857
-0.461079355911925 -0.0632916192008342
-0.370975457649888 0.0673884626587803
-0.408761800796908 -0.048040786758099
-0.50260499001431 -0.1855672793803
-0.568541599031562 -0.209152197376911
-0.54085218094576 -0.161768421736645
-0.353817288853997 -0.0863888334482104
-0.0970863078441278 -0.0269640126468568
0.11362900622148 -0.00744314796999229
0.126164408042131 0.0463005216317768
0.128833887593479 0.0604296551322104
0.129035285356409 -0.0146142775576725
0.180830121673673 -0.0297716647459502
0.158794224192738 0.00381825284477681
0.113234075014379 -0.00306919530162241
0.167569958613438 -0.014330724930334
0.143431206113726 -0.0523333930783412
0.0753497524612746 -0.0547272958083155
0.077413902696566 -0.0553486977453868
0.132441474565871 0.0601768362128582
0.154862258053821 -0.023101038883138
0.11634423229677 -0.0069668337695503
0.0751036882187836 -0.0219126536480203
0.137298484373695 -0.00589782232768023
0.21443482001095 0.0228450550106236
0.239210276433655 0.0518178016792371
0.224836291312155 0.0787661049830858
0.184524302316791 0.101435652227095
0.131485747117908 0.11757213071619
0.0789320633858477 0.124921227755296
0.0400746887909529 0.121228630649339
0.028125061003567 0.104240026703244
0.0562946176940327 0.0717011032219363
0.137794796532693 0.0213575475103415
0.164090103095055 -0.022207947154321
0.0333467323798136 -0.0460321130931914
-0.387386537671286 0.0623739616907227
-0.365756483960213 0.0810471017739036
-0.278160124824029 0.0832272937865699
-0.223059407196159 0.104188445140358
-0.299025044911365 0.168574397217408
-0.440357765347545 0.24762442613306
-0.581358295882596 0.312577808002656
-0.656327363894414 0.334673818941537
-0.599565696760898 0.285151735065043
-0.345374021859943 0.135250832488516
-0.0511217433197346 -0.0113962642792284
0.0856665767025707 -0.0237289400145979
0.0337502458740551 0.0274951568360458
0.0606063906556768 -0.0474776398940642
0.106832336690438 -0.0379880136404104
0.0532729452877736 -0.00568142540817003
0.0260403179394703 -0.0771863144909722
-0.192675518335646 -0.0256050183084196
0.0455411428606276 -0.00712122419084758
-0.0578560663795428 -0.0287878397904581
-0.191167149983784 -0.0473509600565337
-0.315760148684648 -0.0451214872532756
-0.366996649612739 -0.0109067636386078
-0.360408629132357 0.0379799281698562
-0.311528063607803 0.0842253055545028
-0.235886929403378 0.110516085897719
-0.149017202883383 0.0995389865818905
-0.066450860412119 0.0339807249894046
-0.00624890360924685 -0.0417323483263961
0.0629805723611766 -0.070956092110967
-0.193926236347852 -0.0594820034544094
-0.207286461556811 0.00403197944357507
0.0450698526120066 -0.00375282960687217
0.188402395562868 -0.00868699902551378
0.180465256533241 -0.0204391611580273
0.133232002275624 -0.0313946408409644
0.114482233017484 -0.0231818909725108
0.129170508093053 -0.0276992098515177
0.134928832984211 -0.035956235108587
0.123658245307311 -0.0289432802627051
0.032601998915198 -0.0152696191480935
0.0516011610726384 -0.0171107105977063
0.142542344169706 -0.0176735643167046
0.154178783675052 0.0212923313997658
0.117841205122962 0.0247888369954082
0.103608912160793 0.0135225201990448
0.143852283288974 0.00222180497733302
0.176525641085821 -0.00495725566554724
0.13958330812965 -0.00385860872541609
0.0794072685183626 -0.00375307431895939
0.0941514542416291 -0.0132955826397562
0.11613862632415 -0.000508380362065304
0.143312137109959 0.0497225652769755
0.149060789007505 0.0551385427552193
0.133567202159021 0.00268179302717064
0.112452307523516 -0.0467264301875403
0.0906844343989235 -0.0495858673702425
0.0862888318204266 -0.0192137733674294
0.105526447896319 0.0195190465647201
0.137637362566472 0.0442295867166727
0.128062653974225 0.0134166185842885
0.0900589619352326 -0.0496298907101575
0.0836149393982936 -0.0656995580692412
0.0727369112468362 -0.0277763633666829
0.0721931093924173 0.0184180753659548
0.133260919572983 0.0312259671992874
0.109706137558197 -0.0168842985769773
-0.0569157279264648 -0.0914296879763655
-0.20268368616485 -0.137797322355594
-0.267513000971946 -0.169413008140016
-0.283136691763309 -0.210578728909694
-0.26804884931128 -0.248788805178333
-0.240743564388198 -0.27153755745964
-0.219714927766405 -0.266319306267319
-0.223457030218243 -0.220628372115075
-0.270463962516052 -0.121959075516614
-0.280963394775344 -0.0716292004980308
-0.16068956724605 -0.0877037511640872
0.0159689124985554 -0.0508627435281323
0.10387764342437 -0.00895240031045253
0.0481293345330028 -0.0018286126331546
-0.0937653197144447 0.00559581031323073
-0.256051977293942 0.0123710307339609
-0.37297629618146 0.0175472108342935
-0.378783934352967 0.020174512819486
-0.181547873758594 0.0176852693977082
0.0906385646388746 0.0118142260744638
0.135905500166946 0.00867960918871717
0.0711605439447997 0.00401369764579364
0.0338256845457557 -0.0198901032037517
0.0129782598238637 -0.0289756021172782
0.0774108138426332 0.00970604155455889
0.123652743569898 0.0386036578153588
0.149175910808246 0.0366671248150839
0.190612385582497 0.0319826211789202
0.142458643797494 0.0091710527156586
-0.0365273430376675 -0.0501176731926679
-0.110150015341708 -0.048866440412755
-0.0626411621597432 0.0137920352274265
-0.000607029839069894 0.047839285530684
0.0615767649708788 0.0591081090321708
0.109534605620669 0.0534313042670408
0.128890875460869 0.0366416697704475
0.105269957842043 0.0145720040775446
0.0242962361147599 -0.00694489427651438
-0.128405906370415 -0.0220762267565757
-0.296985865770109 -0.0304234779101466
-0.416206517160181 -0.0371336175187594
-0.475388247116622 -0.0372529310836401
-0.479354753779161 -0.0301446318385637
-0.451656839521688 -0.0247695406982383
-0.415845306718089 -0.030088478577372
-0.395470957742252 -0.0550622663906727
-0.393712634907321 -0.0823656791587372
-0.396410081107451 -0.0908422495256319
-0.401105449588046 -0.0837059348412689
-0.405340893594509 -0.0641706924555608
-0.406658566372244 -0.0354504797184197
-0.402600621166655 -0.000759253979758153
-0.390709211223145 0.0366890274105117
-0.368526489787119 0.0736804071024774
-0.34052666058387 0.106721051572147
-0.309466878065734 0.134875446364585
-0.271737748142306 0.15859070966809
