-0.295036565797912 -0.0775744421864619
-0.451312512795623 -0.0972262070424623
-0.261855629991621 -0.0817319016164615
0.158797687703187 -0.0277530574378558
0.210425647609525 0.000784403479865782
0.132399923717947 0.00833342068809871
0.0228178700983309 -0.0188978660980953
-0.00454068883542531 -0.0645858162511723
0.0319623962982879 -0.0843363593574223
0.11396527488108 -0.0337554250031354
0.183834922882137 0.0205632277602052
0.211956281636278 -0.0468778815885878
0.154666329830807 -0.0507293148325745
0.111900836254456 -0.0594982702595111
0.0309996963055384 -0.0666994337858364
0.0864457889607077 -0.00477568760904987
0.102247884195359 -0.00757524248721926
0.162198241126418 0.0653741543071146
0.12727147229763 0.0298991621060561
0.160689299899949 0.0346003935433739
0.0858149541738877 -0.0236392852346823
0.0765444576017178 -0.0154029991755042
0.0777308878947146 0.00404836748788805
0.0750471615456362 -0.00341925401793199
0.110088695568851 0.0678570272426001
0.156996693966018 0.0748670136640679
0.120850357066801 0.0431060984054103
0.132625832784389 0.0389645736590138
-0.0783971464370094 -0.0449403618734914
-0.177379961992946 -0.107200951783109
0.0726050077818732 0.0397223159281821
0.121559928690791 0.00317245820252757
0.158296671309128 -0.0139733286979727
0.179160643527319 -0.0255475404122412
0.152223619876396 -0.0199971464226176
0.157665605505034 0.0226358134235715
0.146421637835949 -0.0376008162670928
0.0973313767485759 -0.044604153170072
0.0979867945543433 -0.0255128502283301
0.114845996426304 0.0170065750872381
0.13701133705013 0.0593083429603801
0.153585171111498 0.0777466735748436
0.15366985329608 0.0486757871143759
0.137304561644234 -0.00378505135134044
0.109157113552006 -0.0486967721040716
0.0918281370760803 -0.00938788952229468
0.0748288035059726 -0.0621835296775067
0.154783737966392 0.0430043275257556
0.140035053551116 0.0132398481784892
0.0521646688038819 0.0248618737839913
0.0208870254776494 -0.076849642886264
0.0724530726873835 -0.00218502393190921
0.0579804657558286 0.0331357943113423
0.0684911735833807 0.00464927614117206
-0.166957910018522 -0.00178974343400935
-0.150703270425752 -0.0177275280799776
-0.0341421800017378 -0.0540500875256038
0.103657402340522 -0.090227218440201
0.173984968930144 -0.109368128329717
0.188868381483649 -0.11502708579534
0.160335501717559 -0.110758359438257
0.100414191348397 -0.100116217859658
0.0211323120926822 -0.0866549296607287
-0.0654822743330625 -0.0739287634426584
-0.147401706212316 -0.0654919878066349
-0.212598121828556 -0.064898871353846
-0.249043659465261 -0.0757036826854799
-0.215045291102145 -0.0753495970745037
-0.0985623487782822 -0.0590069441683092
0.0565674838666889 -0.0673986624917645
0.122043850317715 0.0528568014444691
0.174754014836602 0.040163307192721
0.168393580403542 0.0269091175819362
0.123100879913805 0.0317397234001945
0.12862305455469 0.00590393910870872
0.0771403724571706 0.00797678410906038
0.0294719339924711 -0.0548208290312586
-0.206323773923781 -0.0418920903696087
-0.249076944180617 0.0271011129516343
-0.141251562924998 -0.059733949845419
0.100344531052399 -0.0372977552190137
0.12876992967589 0.0250795761967568
0.0961765087608494 0.0215350241101239
0.0317897688682922 -0.0347690392040927
0.0350139321148386 -0.0615747348473935
0.0650390520558339 -0.0587446285965809
0.076086372677436 -0.031726634805554
-0.0444634016361393 -0.0834898419161848
0.0169707063776292 -0.048082917429698
0.0985244432739196 0.0334536677365463
0.12112243254911 0.0356165644405426
0.126088211642128 0.0117194352877885
0.133105622340777 -0.0152609784772384
0.177372085679463 -0.0328141114868433
0.166063801471665 -0.0284251552127104
0.12773627069889 -0.0176276436922124
0.0954754898348019 -0.00457303729037222
0.0976431509848606 0.00630072285274196
0.155573271534165 0.036608813145154
0.214388311701769 0.0684827877951997
0.217455454763317 0.0683929022115517
0.184686269696827 0.0477754241518297
0.135992325480313 0.0180666213736538
0.09128519109179 -0.00929723836535607
0.0704764355092739 -0.02287988730758
0.0990385183256533 -0.00840445187082653
0.161626305503505 0.026207081645097
0.168856212810401 0.042629924384864
0.113719950594056 0.033488378375326
0.0784656392572304 0.0233440578743724
0.0631821599933069 -0.0220441670921834
0.0629111912985304 -0.0426655155466893
0.120156170921072 0.00202686720022584
0.150798092994993 0.0185366028956117
0.120703824443168 0.000809003953079145
0.0968587514057625 -0.0196645325535533
0.0565053824908492 -0.0617748777640877
0.0308401640815338 -0.0845514578882248
0.0978591727777711 -0.024599685573627
0.15024564276916 0.0149549244690394
0.126463830490588 0.00525334816676182
0.105169685262633 -0.0196720432587593
0.0834596480568227 -0.0754010735002506
0.0653411222573515 -0.0672695954098903
0.0881720388039254 -0.00965857610214238
0.123020444770008 0.00240701706477059
0.130488570112619 -0.031129994508776
0.100107752691993 -0.0345567253987696
0.0694605198913077 -0.00535074147034877
0.0591028698980993 -0.00802505177896312
0.0589491644948251 -0.00744769320696277
0.0697905889509461 0.0081665855033456
0.0871782301879302 0.0180593581301811
0.0899685003176096 0.0130397111806308
0.00681630504116393 -0.0393586909360536
-0.0602125474117406 -0.0757518364945754
-0.0270056739663148 -0.0392914511094285
-0.088046959885461 -0.0228295270175328
-0.239910369529393 -0.0498884391094958
-0.358497696704035 -0.081007730163043
-0.441722322179926 -0.111678944461337
-0.487497626727609 -0.137393626287539
-0.493736991117625 -0.153643319924812
-0.458353796120514 -0.155919569656319
-0.379261422506816 -0.139713919765221
-0.254373251047075 -0.100517914534681
-0.165028581844408 -0.0526241074475928
-0.171951462301525 -0.0118965341104347
-0.242132394138352 0.0238160380082549
-0.342561879074814 0.0566648414399377
-0.440230418830837 0.0888011087160753
-0.502128515126346 0.122376072368129
-0.495246669681267 0.159540964927561
-0.386575384215524 0.202447018925833
-0.259119218157778 0.257631532366359
-0.203107154022217 0.309143766211268
-0.196366328157063 0.325402897430089
-0.19115161200132 0.317711755643682
-0.181989633175922 0.313087323264655
-0.1589746628078 0.334499971202027
-0.120400134078898 0.367877760051096
-0.0820130823897316 0.415332824131344
-0.029033873191416 0.508705410235637
0.0307939847365158 0.629014627760611
0.0897269826145311 0.7572795861029
0.140021611663097 0.874519394659138
0.173934363102681 0.96175316282596
0.183721728153751 1
0.161640198036773 0.970279015577894
0.0999462639722143 0.853609318956275
-0.00910358281945716 0.631010019531778
-0.173252851117774 0.283500226701038
-0.292562660459912 0.0355669974103146
-0.338932803233637 0.0104351930159249
-0.282988378681394 -0.0198447077603678
-0.0924728096160671 -0.0446761777190945
0.0320898146309617 -0.0133281170483688
0.00890110434673875 0.00267685782410523
-0.0951293944521641 0.00690306126721862
-0.213092135749176 0.00291480764986235
-0.278077573527725 -0.00572358865907263
-0.280277493032247 -0.0159558717640708
-0.256995635207417 -0.0276428435017153
