-0.0753914828098915 -0.0282664406386906
-0.0448087196330467 -0.00574961270081528
-0.0182970829831288 0.0135572285370414
0.0411573148321821 0.0456909001957638
0.154121619976352 0.0995367728768764
0.296450357631616 0.16454742272327
0.443998052980206 0.230175425877835
0.572619231204359 0.285873358483462
0.658168417486306 0.321093796683042
0.676500137008284 0.325289316619466
0.603468914952525 0.287912494435624
0.414929276501264 0.198415906274408
0.0867357468367349 0.0462521282787067
-0.196804440192786 -0.0852321584167469
-0.267874140440871 -0.105724768102189
0.152874334664487 -0.014658971535295
0.150397889002919 0.0456852088070202
0.227900962656048 -0.0342928617538822
0.161171054732911 -0.0252512405794909
0.130131556853042 -0.03613745541377
0.146121803201809 -0.0174541264580834
0.0992677938380448 -0.0443329540465488
0.0849189118874897 0.022291095264736
0.149874957691164 -0.0111478382407064
0.146478675531859 0.024422530055132
0.198797519096224 0.0211283682870209
0.168095585261646 0.0533888821148725
0.188065140170612 0.0251380161810585
0.192476749081132 0.0223519587484356
0.161196477712334 -0.0193263826463803
0.115831346582297 -0.0351748222309938
0.085072878116782 -0.00313530714988124
0.083070886283362 0.0240572480849942
0.123975185049612 -0.00633207103833077
0.156499163285657 -0.0593255078490921
0.0996127711122223 -0.0638934273474545
0.127422337833912 -0.0277103828732727
0.0719572052178309 -0.00866508306373968
0.086183982228001 -0.0920417425474518
0.153063834962199 0.0357381848583574
0.158023270785755 0.0502513298667694
0.163578583978787 0.00568623196535467
0.155213391575812 0.00431462807589216
0.149439471260806 0.0248978279822411
0.154529008235753 0.0159887756131106
0.164544484530286 0.0210428753170186
0.166012987567379 0.00446552209323846
0.120134101772903 0.00492167319833993
0.158264172992423 -0.0394322299459453
0.106774633044375 -0.0931895660311736
0.0733820049687004 -0.0119910981471667
0.00316608466761784 -0.0525952642206425
0.131235992512382 -0.100698182596597
0.139044957605168 -0.0410012411047629
0.0870805194074264 -0.00308588280493504
0.0510948615712826 -0.0136187285534908
-0.103531345861928 0.0405183695199463
-0.273139596181381 0.0950680912974954
-0.377073725886684 0.105761459880184
-0.426281390373023 0.082787434520401
-0.43171024503559 0.0363349744705327
-0.40430794526957 -0.0234069610170328
-0.355022146470152 -0.0862494126899081
-0.294800504032526 -0.142003421295705
-0.234590673351878 -0.180480027582037
-0.185340309823399 -0.191490272296516
-0.157997068842275 -0.164845196186754
-0.0795858590214649 -0.10262044927685
0.182183965241238 0.010719328894517
0.181403637661713 -0.0340224113181961
0.161531083503992 0.0165069662246906
0.147308520579413 0.0159236895304815
0.111037769110242 -0.06428279227671
0.14155281380287 0.0342820106217723
0.152098288019185 0.0202867471157741
0.175920026023508 0.0333339742449216
0.156430159170818 0.0477802590885205
0.197571831395999 0.00302953704986538
0.181553460102486 0.0105691542130627
0.164196733823348 0.000920555494828129
0.167076365006914 0.0507164592704691
0.148804015859757 0.0104846639021809
0.123181369530781 -0.00562748400067709
0.118335012006159 -0.0307930525560892
0.144123215186132 -0.0920580718948762
0.15069828264604 -0.128259816246242
0.0844880550308729 -0.0495287082033893
-0.0132448170439222 0.00983903145603706
-0.0343586646755672 -0.0309679371616929
0.05768257514092 -0.0390051466073109
-0.115677977267071 -0.0288146151540098
-0.105402719725115 0.015838318633573
-0.293589148519452 -0.0120774002737217
-0.368893886985906 -0.0703202727559207
-0.337385931088164 0.0576083932826437
-0.327658358515739 0.0145038463883387
-0.297293732770991 0.0813324285930524
-0.32749426316074 -0.0163058104963959
-0.28740582988547 0.123450807545334
-0.30927632925297 0.0637269272618018
-0.327033238426687 0.183145062107975
