-0.404344102514067 -0.00736943485248326
-0.423921020872579 0.101191739014788
-0.395083560818661 0.246928254307102
-0.255833055287052 0.223967110872337
-0.183278383996876 0.336386168437975
-0.206458326968509 0.299774206081789
-0.235389287079616 0.34815726824167
-0.212291369925021 0.316324383565982
-0.18280223673058 0.285738001251957
-0.16852419658276 0.313459021801797
-0.354652215063703 0.292085193445253
-0.42742563684131 0.0537706386003854
-0.44451356089611 -0.132325079128571
-0.427065555930617 -0.258357068024875
-0.402837635339212 -0.300077767573411
-0.371648454795224 -0.279981053045347
-0.333316669971985 -0.220560799711847
-0.287660936542824 -0.144310882844077
-0.234499910181072 -0.0737251777132039
-0.198519115332094 -0.0461765484276034
-0.272398092473735 -0.103132049479246
-0.00448384127048773 -0.0832233968775757
0.180338296489026 0.0147798555983247
0.189818569626415 0.0243308673891744
0.164126968454458 0.00749913082394315
0.174414096105256 -0.00545769674370454
0.169057672472815 -0.0143167572419916
0.136319458273318 -0.01706825606755
0.107588315183263 -0.0089556427042602
0.0531974395866585 0.004668306968573
0.0945545088946338 -0.0218740463165759
0.116852458674321 -0.0706708293794431
0.0923502489324887 -0.0716414897932958
0.0971173376718391 -0.0194197667921423
0.122246547429561 0.0188371342027118
0.170451338503714 -0.0170818205732058
0.0323466129286913 -0.0431803229991219
-0.27964880420501 0.00312339035376334
-0.482215777180714 0.0589867814325526
-0.292035170281747 0.0615673121843485
0.0644832366701194 0.0255201169432918
0.14848753611466 0.0116926132124209
0.161965396476131 -0.0167527829450358
0.179422780722842 -0.0127797670157639
0.0982915258870388 -0.023367605122737
0.090876302497471 -0.0567220937741155
0.0677839620819959 -0.0331150970556913
0.0484179353506556 0.0161961407822111
0.0809152564351953 0.0302137827701214
0.121431539801855 0.0302798691682081
0.134348524937482 0.0245062455583545
-0.00199217617779865 -0.0165637124308437
-0.108117895532198 -0.0525195321258511
-0.00835553622567895 -0.0438062608957305
0.0888636186619113 -0.0284893217101998
-0.070723117238149 -0.0566565010493592
-0.243030788072614 -0.0759033683919025
-0.183974437988238 -0.0338254932165235
-0.0461909957008388 0.016118990476862
-0.155022987007584 -0.0229805601062922
-0.424898733419935 -0.0781201388673219
-0.418900205555119 -0.0135356109202104
-0.330455788807752 -0.15030221482844
-0.254878112350013 -0.279219909153657
-0.271931621099469 -0.265539469634776
-0.324447696877071 -0.164754973565307
-0.355257721503769 -0.0323604982387585
-0.395488373164693 0.190846634401013
-0.352453266247862 0.304968930539568
-0.313116456972005 0.390456276534762
-0.249282283240868 0.413151205797845
-0.189851248729896 0.401982449158531
-0.163723857114533 0.385878737446533
-0.21672533447227 0.357949000132577
-0.200589349921769 0.338129882130078
-0.167688569838139 0.331274883617826
-0.0970236340959003 0.337674175857963
-0.0547467277577196 0.35123981648188
-0.107010035886263 0.365883863120966
-0.172499706450882 0.415899564514765
-0.190486855759875 0.436002624803216
-0.183261735576596 0.331290974451687
-0.25294456540139 0.180818114238824
-0.414430448310639 0.0273419846955672
-0.542275849694929 -0.0701606299306211
-0.546620574712165 -0.124049856534333
-0.466861434104688 -0.140561061098782
-0.342395238614842 -0.125929609607184
-0.179146001210625 -0.0826805544706976
0.0444616184798696 -0.0164333914350232
0.248114078451552 0.0451321062226988
0.361812782432622 0.0795873912005459
0.401508372486007 0.0920009678780866
0.383151490674635 0.0874413406348893
0.322692779061435 0.0709770138505224
0.236082879709334 0.0476764919045543
0.139272434681262 0.0226082791765533
0.0482120860401454 0.000840880046087725
-0.0211475241510865 -0.0125572011072738
-0.0528557538295058 -0.0125174599039631
-0.0433997365402086 -0.00359798435849166
-0.00162298882551474 0.00530971309903176
0.071241752209333 -0.00428908721955367
0.125953351518221 -0.0271423449413311
0.110589507149327 -0.0613680804222855
0.0713995287865985 -0.0326130419604037
0.0844128723523549 0.0208558031735032
0.0440935667901353 -0.0788574182019222
0.160147456632665 -0.0282151109870296
0.138904248238417 0.0226109179161802
0.144536418455508 0.020647079547768
0.150389601805249 0.0198254747962255
0.162874840197532 -0.0346436074735502
0.0987664390246289 -0.042196074784471
0.0612782904883547 -0.0156412634250812
0.0107087522621314 -0.0596012351360728
0.0767432960768836 -0.000410304279848192
0.146470525351465 0.0557585994935961
0.0984172896712033 -0.0179879287353917
0.0624894408290569 -0.0984198299024384
0.0764540061606729 -0.0279812827350285
0.0835920449044596 0.0317037361270179
0.0154037728596757 -0.0671433101850373
-0.293094248024798 -0.0792718695729335
-0.201936648901798 -0.0321590671743307
-0.246796665121475 -0.00441824855525467
