0.122155714948935 -0.00611083541144077
0.119241502958849 0.0317569819228551
0.117285751936701 0.057737695643287
0.111411375331031 0.055387185471731
0.0999692470889621 0.0193780340605308
0.0877649736490704 -0.0334552855231626
0.0796041614499314 -0.0862783002121982
0.0802924169301205 -0.122256536939425
0.0946353465282137 -0.124555522637691
0.127438556682786 -0.0763407842398465
0.161202853384853 -0.0211938499614511
0.178397187666122 -0.0351663952505117
0.15183108146096 0.063879647328663
0.133879500525496 -0.00762553136902036
0.0521717618140818 -0.0699889468688416
-0.0329190563652112 -0.12055512641559
-0.0751735772568849 -0.140588056828838
-0.0831588401823461 -0.137409831565062
-0.0654418844630018 -0.118342544080741
-0.0305897494202588 -0.0907082878323512
0.0128305256244758 -0.0618291562763702
0.0562519013497951 -0.0390272428692753
0.092027066040358 -0.0217474078264749
0.118154942236668 -0.0048129424513887
0.136611152926793 0.0225441296562642
0.146524379709872 0.0557959865727848
0.143245852905479 0.0704894187177643
0.122126802833191 0.0421712165107939
0.107624138331369 0.0104525087782849
0.12732628185341 0.0334716379009038
0.18095605661322 0.0921544994301946
-0.2639419026501 0.109894505927688
0.0690452198450257 0.0773049533274032
0.177022427984901 0.0325950537553375
0.18551703249895 0.0173833961141153
0.142221474299406 0.0384538469459733
0.104244671681839 0.064772842034159
0.110114123342347 0.066146635586569
0.123612416675418 0.042647905752966
0.108522139075541 -0.00565066931688746
0.0874458326579025 -0.0526627260508818
0.110163405997357 -0.0774470327812056
0.150679862879101 -0.0363130829521689
0.196904979343065 -0.124440675975966
0.174841017240845 -0.013200118162913
0.11323879980823 -0.0119927861365548
0.140183893887602 -0.0871840974887567
0.148314307358765 -0.00829697307624799
0.170037760173476 0.000470548799899311
0.186692854088657 0.0125927199490898
0.189239041075908 0.00420245162439592
0.18262260356401 -0.0217982147018748
0.173256859114134 -0.0541091171138849
0.164924286872626 -0.0759567817834565
0.161407365985832 -0.0705677348824114
0.162952440926256 -0.0348635332382049
0.166358952664835 0.0240349317777296
0.174621072938539 0.0589022162020871
0.188256947353548 0.0376341573563351
0.203194201753421 -0.0167066297232234
0.215360461981717 -0.0810575300002858
0.220683353881995 -0.132355928438549
0.215090503297812 -0.14753921000171
0.194509536072728 -0.103544759653467
0.158038221569965 -0.0389092290758947
0.0933540474967533 0.00216220626375695
0.121628830429033 -0.0635383908858632
0.149654205876534 0.0174271579854023
0.148263910016908 -0.0167229194546672
0.122494865096882 0.0128436791486425
0.120645162995395 -0.0071252810537684
0.134410509285853 0.0365979206723068
0.165059715344919 -0.090294286851163
0.223924513128878 -0.0379529007442155
0.130573923253452 -0.0238045151300856
-0.155451961835113 -0.109119369986465
-0.0528224588618516 -0.0792436327539481
0.13298688374569 -0.0336417077324897
0.315063132030519 0.00582773738757756
0.390202885538442 0.0125250784917504
0.387422939624897 -0.00331671267752194
0.335740089645325 -0.0314646643777903
0.264171130955165 -0.0616858048666055
0.201732858909855 -0.0837471624015183
0.177442068864836 -0.0874157652400794
0.181322134118086 -0.0762278535157837
0.184170196685231 -0.0605481913951835
0.179669850770573 -0.0517195190400037
0.161976257828152 -0.0581940448547758
0.131852808743719 -0.0756390706612555
0.0900628944030217 -0.0997218982811989
0.0373699056918092 -0.126109829536362
-0.0254627665041693 -0.1504701662485
-0.0976717312991653 -0.16847021023937
-0.17849359780743 -0.175777263330727
-0.267164975143213 -0.168058627344327
-0.362922472420767 -0.140981604101927
-0.380141345299227 -0.0943254626673352
-0.235829679545273 -0.0208830064435558
0.0882193565371057 -0.0053055690597757
0.13077462517941 -0.0229480099662162
0.089010793160548 -0.00157421004508424
