0.0534990930765272 0.00885434619248096
0.112114124453989 -0.0233741145553876
0.137257350221083 -0.00944029444967582
0.145448965522543 0.00402711807206971
0.143984212561084 -0.0254736288250691
0.136798901075465 -0.0402065209838213
0.136407826143777 -0.047947414406521
0.124145933078812 -0.0680611171045034
0.140009094813941 -0.0372359313502687
0.184683654650178 -0.0138757789712343
0.193731015564175 -0.013343267336146
0.186407108134176 0.0248156162918498
0.184585082657796 0.0314492098029423
0.171118203954644 0.0245262675350166
0.142107921370425 0.0709741766820236
0.139237485800452 0.0327901552956423
0.1713739641198 0.0210537462659294
0.192603745173244 0.0144160224496712
0.181512664872202 -0.0286907265433687
0.166444260447911 -0.036014740804647
0.151376309513211 -0.0352100684181112
0.154044787158433 -0.0313819557164055
0.157057693867259 -0.02322390027034
0.141376194297265 -0.0171687378200167
0.12286259726786 -0.0465832092360368
0.135360892448647 -0.0801220571223468
0.156127271530755 -0.033795036113558
0.202647439750846 0.00529679817968365
0.220601279424644 -0.0204408557297316
0.166273386029015 -0.00338539904707978
0.13464240015338 0.00271354640995846
0.143519900198173 0.00686912739867765
0.153333796860945 0.0087114736433961
0.18303372363042 0.0426494229916866
0.204142566369548 0.0654197737972326
0.158392083546284 -0.0200463815735571
0.147514116932199 -0.0527584422491628
0.147903079290251 -0.0745092792687006
0.14412384948827 -0.0802429577939967
0.138242470087596 -0.0694975081153504
0.126316620360685 -0.0187583251747698
0.127293105905955 0.0171774515763539
0.162744404880848 0.00834188146367698
0.181720950745596 -0.0290472728433565
0.165420025615176 -0.0488093963438266
0.14298938302333 -0.0103512728615885
0.15600849760818 0.023591458887118
0.172645918323328 0.0593751330087536
0.168586975805914 0.0810928720888535
0.151847170915191 0.00185360166876101
0.147127409205891 -0.0193254930778917
0.132937796287323 -0.0250558308139838
0.12168972482097 -0.0196159729929427
0.134099203973442 -0.0223698100032601
0.159910565011244 -0.0017583761382915
0.166573976337126 0.030124492596313
0.124282008337769 -0.0119769271103873
0.0992078509338523 0.0118922612257715
0.0992671703413564 0.00704033142070107
0.124494257268647 -0.000768902068615411
0.135472258708565 0.0306229639985457
0.140817521027953 0.0288653401388257
0.143636933521513 0.0211048491977799
0.148264351744537 0.0223068516464647
0.180301591890171 0.0275265217246586
0.201847991117766 0.0272431714411907
0.169765316883831 -0.00586023005291943
0.143918707319262 -0.0166375091033315
0.149618233874913 0.0012127810694392
0.15558273628331 0.00755332670338433
0.161310418932572 0.00511112336961455
0.166299486210819 -0.0033868333607593
0.170048142506172 -0.0152135479166265
0.17205459220675 -0.0276420247268763
0.171817039700674 -0.0379452682203979
0.168833689376064 -0.0433962828260806
0.162602745621038 -0.0412680729728137
0.152622412823718 -0.0288336430894864
0.138390895372224 -0.0033659976049878
0.128800444540387 0.0230896031296983
0.125627074624461 0.01355897338773
0.120785780061466 -0.0310013695802687
0.127624662596197 -0.0333240817772205
0.143654262599931 0.0097472966244402
0.132822502126657 0.0342691522920662
0.130215255255591 0.0377384341933018
0.178118053317039 0.0128249190290657
0.23346554107111 -0.0257113250714759
0.257964542111081 -0.0479207168826512
0.259204783417583 -0.0565123356156017
0.24477599197124 -0.0541952604814689
0.222267894752683 -0.0436785706913943
0.199270218742538 -0.0276713454565195
0.183372690921432 -0.00888266398798588
0.182165038269995 0.00997839450306493
0.174162826968406 -0.00574690793720533
0.149656512054431 -0.0416003188214795
0.132932756720927 -0.0473934436321763
0.135277928918247 -0.0433698150047123
0.142802718028104 -0.0551644864413279
0.140151872908696 -0.0792062624598152
0.13087810017799 -0.106367253862407
0.118534106453957 -0.127519571451335
0.106672598354565 -0.133535326028833
0.0988462824977836 -0.115286628397133
0.0986078655015823 -0.0636455893584678
0.0983129221674114 0.00829815669652346
0.0886937299488987 0.0500331604899258
0.0619312524127032 0.0332133865582668
0.0584631232447225 0.0204391176969645
0.108319181990207 0.03177599837779
0.148970230651952 0.0475359037342191
0.165160101208551 0.0919660618789908
0.162376169536482 0.0974603784337338
0.163659970897632 0.0873052776280155
0.146706410321298 0.0577646759164002
0.120446706285213 0.0359042580107288
0.142069115383128 0.0144276750224571
0.157642045971017 0.000690867712095898
0.130121934188265 -0.0440004504384751
0.124440600184199 -0.0398714867405115
0.0988554542563795 -0.0432001223813635
0.0708405611104447 -0.0495488318986805
0.0761747565903038 -0.044411819527491
0.103449070802441 -0.0118090368791526
0.122826305059575 0.0245326459292031
0.140308920869286 0.0864030245994581
0.161500898022696 0.0723196178269905
0.167340201754892 0.0168079445522894
0.150945352276523 -0.0219617033406694
0.13749785075914 -0.0168032070176317
0.114850243894585 -0.0153437473532114
0.104791685858959 -0.0181044284553704
0.155719516380615 0.0486566462977921
0.166228404015321 0.0557112929857434
0.178133004470594 0.0506125001315075
0.202363174402036 0.0418452819331601
0.195438823971004 0.00409851488153006
0.165837218329137 -0.0220292699313507
0.153811472256713 -0.0153612838478132
0.118177143430188 0.000370424566138351
0.141193591186602 0.0174177153924971
0.186432479572476 0.0554499911357515
0.172557183895041 0.048400608363976
0.159763755317085 0.032063789075362
0.172581830428323 0.0449384126842356
0.165265976987657 0.0170121815566275
0.145296021810474 -0.0478686375008237
0.14291893634147 -0.0144701465576073
0.133282793937941 0.00315438965767952
0.120548002716571 -0.000858957872297263
0.129654210801273 0.0325268373671401
0.134473727792188 0.0531356660338986
0.139840207925214 0.0439821245012243
0.187205279327215 0.048065471817891
0.179198229413608 0.0465456182433053
0.136624935368389 0.0178772956702604
0.135729261055458 0.002821490827434
0.163717412812806 0.0380642807959934
0.16502643907794 0.070893661022166
0.157294934683698 0.0777078611707003
0.158066085118606 0.0111062482045099
0.176545613594631 0.0260307314347116
0.174168382032859 0.0189647787873522
0.139279032964684 -0.0336388611099442
0.110573323370037 -0.0581312726899212
0.111292098466316 -0.00662991953680045
0.0978629453914453 0.0313462084663819
0.0863800224381778 0.0293285066455581
0.117923024200576 0.0706062133635926
0.136504684133513 0.072169706990645
0.169200901485101 0.0411399469950908
0.188644934121191 0.0341696096573079
0.149972241965844 -0.00215021395717222
0.129820540498429 -0.0374868491138602
0.171629735941563 0.0462209098885967
0.171404387594125 0.0265556622664452
0.185488571246244 0.0118132924836599
0.172690173330857 0.0103429626959529
0.161109345653245 -0.00869031646885289
0.161161753421438 0.00811643975626204
0.153842017708933 0.0120900019976606
0.163521584175064 0.0429463891501847
0.174453297060379 0.00341332429913804
0.177182025682705 -0.0315419035233408
0.176876626046278 -0.0317670747752921
0.177520668480382 -0.0321376099407882
0.178773318264007 -0.0324978355150476
0.180293740676143 -0.0326920779932887
0.181741100995779 -0.0325646638707301
0.182774564501905 -0.0319599196425904
0.183053296473512 -0.0307221718040881
0.182236462189588 -0.0286957468504417
0.179983226929125 -0.0257249712768696
0.175952755971111 -0.0216541715785905
0.169804214594536 -0.0163276742508228
0.151251179507457 -0.0293998808959101
0.132827684234304 -0.0490562381499067
0.16031559280622 -0.0113192389652371
0.147598331098815 0.0205941294733136
0.139704351511322 0.0339721820996644
0.161084117684744 0.0268368054586866
0.175757727616967 0.0469608695684074
0.173364881448872 0.0690814546219944
0.174019871853386 0.0581414508550146
0.172137203665505 0.0386389467874127
0.166160694707399 0.0219096355378171
0.160111266767867 0.00568953512118877
0.156769080631841 -0.00592277859802941
0.158914297084256 -0.00882872975539423
0.160612131763924 -0.00819549841951749
0.155523432413865 -0.00898833850846585
0.145821807975323 -0.0068057849319785
0.14524010216094 0.00267942364227149
0.158357477434651 0.0201530379695088
0.173617020864639 0.0445542572743411
0.179461819519087 0.0748222807813758
0.170765031371303 0.0816624026255251
0.156346898664783 0.0593132756552711
0.145571134872994 0.0420141371655768
0.151849635359079 0.0259800196489815
0.170751637518372 -0.00648661814893991
0.184876867872622 -0.0420153995536708
0.176825052943578 -0.0672359478906944
0.153878334631455 -0.0627820310626276
0.140586083060224 -0.0400432615147041
0.145448867087272 -0.0317830293863331
0.149787084984739 -0.0378614954321226
0.139680882712391 -0.0352471351700078
0.130770450659054 -0.0223658108843889
0.138695979213552 0.00235661514033399
0.159659764079154 0.0298976648833161
0.17303196782923 0.0485088987201408
0.169204581157751 0.0556755119610502
0.166701766512624 0.0641904361096007
0.182082643407215 0.0811247822772644
0.202791638133677 0.0953810151861568
0.216273176984162 0.0958615995583931
0.202073054077909 0.063593941149676
0.165399079153393 0.0131235080620311
0.132188701931624 -0.0163701414629419
0.115785025969215 -0.017834491924621
0.109585561176655 -0.0116466352749189
0.109609366805775 0.000228575548963178
0.111875502108406 0.0158262876098237
0.113354624972586 0.0373716807470008
0.113980241898247 0.055779495624913
0.114215685055058 0.0521192205439796
0.113394962288147 0.0433842137237069
0.112098527001953 0.0510726716303059
0.112659379705115 0.0630113399342525
0.117410520906268 0.0670269643060223
0.121463964914016 0.0601241468901814
0.120163467380271 0.0497358860507138
0.116189640828638 0.0393315217872225
0.112223097782724 0.0323803940993103
0.110944450766133 0.0323518429865802
0.115034312302472 0.042715208448635
