-0.20505222545031 -0.0494589073415708
-0.305553503344613 0.00903799839724399
-0.380047475975378 0.0541576143867374
-0.447384217646946 0.0376330236621723
-0.503447861697214 -0.0253467782164588
-0.516965906585675 -0.0445202518814834
-0.456665850771819 0.0703741420347709
-0.367654092695383 0.207046842472533
-0.373290621840554 0.208207664495768
-0.410193919360111 0.180248567113496
-0.299377333916691 0.198104891633791
-0.392905900950657 0.254379324724425
-0.215469286559353 0.276835344634356
-0.168438856215608 0.306914630158815
-0.190256017098936 0.28663564059627
-0.162236260538133 0.366151035260845
-0.168572406117829 0.330802006924551
-0.399325111768796 0.185520529220537
-0.37879268174872 0.0679760165514598
-0.292286082952812 -0.0581102803187857
-0.298971368033175 -0.0973439123350578
0.120277088122053 0.0254409285111002
-0.0391805585699692 0.0207918758318507
0.00814504629115815 -0.00718097647424883
0.0640418173344914 -0.0287355494544311
0.0883667995707557 -0.0254998618770547
0.104705066729899 -0.0142108311503354
0.131214687222772 -0.0385644117689386
0.148374371951772 -0.0105967144025095
0.174216215827225 0.00157623152987294
0.160158146494892 0.00730549241200233
0.100495548945017 -0.00756201408044647
0.0823937431914469 0.0209919122480491
0.0833999308271619 -0.0238992453230541
0.0974001738095755 -0.0627775462613468
0.123444209923722 -0.026269363270339
0.0854643813788885 0.000502129184611084
-0.0395663398560595 -0.106569751975018
0.0362493457875136 -0.0168023359989051
0.11297552422644 0.0541804389702745
0.0800083269824615 0.0112088947354777
0.0936394298884411 -0.134753794036599
0.0907724027371916 -0.068392507070282
0.0628581678979274 -0.0354653040654815
0.0310806104438388 -0.000876829907459733
0.0172217094265294 0.0325195547870294
0.0264729145117627 0.0483640840274559
0.0496297218741966 0.0523763527274719
0.0774876276884891 0.0502759558007298
0.100842128129298 0.0477824881608819
0.110488719371281 0.0506155447215803
0.0972228975890967 0.0644947203964774
0.0669385723260938 0.0599710402161194
0.0191412808312589 0.00665320284232639
0.0465224889067663 -0.0834201544063685
0.0770214327050946 -0.0961843244997601
0.0479318122730758 0.0265262162084088
0.0443665932703077 0.130488457468352
0.0924108222779744 0.126854945107464
0.128803681733435 0.06777767630911
0.0902843540740488 0.00540864825665638
0.0310393835953377 -0.0238440903985982
-0.0166343031779282 -0.0334983847999147
-0.105793232253805 -0.0533999644553351
-0.18012240483566 -0.079522282769175
-0.222457900682706 -0.0698875339714552
-0.256839854134506 -0.064305628800831
-0.293123509933661 -0.0831570322894602
-0.294123809641101 -0.0996253984236106
-0.222655694817757 -0.0868943811895497
-0.0489887417470111 -0.0343454408035323
0.110464868915626 0.0211751951159315
0.0776275615709543 0.0641039694206096
-0.0976780375950892 0.0974814240873844
-0.255630474023923 0.104832902714277
-0.236408293156965 0.0696837488993087
-0.0993337236513171 0.0165216734210303
-0.027942275170793 -0.0363503943773327
0.0636058924887894 0.0115785713634682
0.0689209110834661 0.0299935972962501
-0.0214195342267954 -0.0513646906407212
0.0929426096600459 -0.0690578149734491
0.0781904266239756 -0.056893541520592
0.0647927746604989 -0.0399194395700071
0.0785365960065355 0.00149200034372162
0.153373472358038 0.0772795071706709
0.0633368596570436 0.014366288554571
0.0692565667571482 -0.0353981184703784
0.116498213087809 -0.0136459528986202
0.0976522863905729 -0.00808221234034625
-0.115670654428661 -0.122993510621193
0.0941384339047004 0.0428762447183191
0.129778160236147 0.0259345734813173
0.0977691688830986 -0.0162703499952112
0.0709430144407092 -0.0460946425479281
0.0834299639888452 -0.0472762358501607
0.083417914613136 -0.0415733683946742
0.0672416806149891 0.0610374399228737
0.0768851377135788 0.0761569322642699
0.0738235767230004 0.0236768397096891
0.0685325498018666 -0.0499909078726189
0.0716943209735584 -0.0773857444432208
0.0726150747754788 -0.0734700624629145
0.0728878763097255 -0.0457739046332164
0.0868097688349406 0.0132208174258637
0.111848152515587 0.0488637924544891
0.143212818975646 0.074985090461831
0.129594476007401 0.0616604375601058
0.072756454104966 -0.00743349000509511
0.0457034493915841 -0.058354960060153
0.0829862847278737 -0.075988215818295
0.114229016350812 -0.0776388274602581
0.0656139003889094 -0.0879037667221503
-0.0334709404599184 -0.102604379150255
-0.153637383497754 -0.117562010290856
-0.265497306026682 -0.128598005690236
-0.339662585348785 -0.131533710894679
-0.346745098766146 -0.122190471450469
-0.25735672358085 -0.0963896329038889
-0.192121423752564 -0.0906225371469595
-0.238064387694794 -0.10168251256381
-0.315399329390372 -0.0658438844388876
-0.346052978735681 0.0251236575282613
-0.330613311834702 0.122674227623683
-0.307285911981676 0.205369206541322
-0.314276362470839 0.251769974975122
-0.389790246596431 0.240437913619029
-0.410023995250893 0.229398994763561
-0.299303653907035 0.268907756828224
-0.168029227729642 0.325868429700439
-0.1290249872407 0.345722560245554
-0.159362083681259 0.322939218908912
-0.187990701339828 0.309615488562657
-0.23807200747876 0.238105351437138
-0.357692802802214 -0.0307603281729309
-0.492931436640868 -0.372351158104022
-0.565617461412733 -0.583395324556235
-0.587464482452975 -0.685099830780298
-0.57018610509676 -0.698671680026939
-0.525495934679255 -0.645317875546886
-0.465107576535625 -0.546245420590867
-0.400734636001037 -0.42266131840961
-0.344090718410656 -0.295772572253842
-0.306889429099648 -0.186786185374293
-0.300844373403179 -0.11690916102169
-0.337669156656416 -0.10734850244676
-0.363168775371336 -0.0760523476857896
-0.341115091977627 -0.00506260671859315
-0.310172010687021 -0.0117269407111953
-0.21978842919551 -0.0880785939807934
-0.0485509041138244 -0.0920806337223486
-0.0314964152756099 -0.0568373499941599
-0.180335135710737 -0.0535618719838016
-0.242447247797384 -0.0556598538678563
-0.0310031139715139 -0.0438028376456771
0.134281382965624 -0.0378672700048522
0.111649548720182 -0.0296974468941867
0.104614006958142 -0.00374849407880085
0.12388027169313 0.0188503325078971
0.109402154923252 0.0305660667484245
0.0638258312441578 0.0454050154463589
0.0419025937208663 0.0321304229425856
0.0345848890272213 -0.010781533226806
0.050918505486404 -0.0275817998208284
0.0913269871836681 -0.0123695653630566
0.106213738281907 -0.0023435714124516
0.0699844326126574 -0.00147219762946539
0.0400707441557093 -0.0016646339986451
0.0750272515730835 0.00626762768177478
0.117446603190115 0.0268972595577387
0.10233385227083 0.0471410361134111
0.0768621848852905 0.0497036190578871
0.0892583038361249 0.017440892756225
0.124350806813866 -0.0350467964962713
0.134215722220429 -0.077438094095138
0.101461365486575 -0.0654887492322543
0.0962711012782612 0.0569126100459984
0.117661174468697 0.175299976075542
0.115143916226732 0.17552227258446
0.0979020582505406 0.106173932983709
0.0751183322382959 0.0158493906842426
0.055975469888172 -0.0468569209029838
0.0496562028983426 -0.0333505683670156
0.0788114251943994 0.0326933684338691
0.112710839868836 0.0573266971077473
0.11099705063724 0.0119271980293791
0.0768843873080708 -0.0522405107194651
0.0048413844691595 -0.0721614079677822
-0.19024537745076 -0.0702352876276032
-0.25872122427917 -0.0826043624287808
-0.19404097877326 -0.131767235141902
-0.268922503723786 -0.234490709397121
-0.405639683977587 -0.339775693539519
-0.526466404381503 -0.396623095914175
-0.553676549782375 -0.35403382486617
-0.40954400502704 -0.161008788740584
-0.246225746620016 0.0377557464385188
-0.265986292801213 0.0947067367950642
-0.368248967199152 0.11981705317647
-0.424226471081094 0.170894326113751
-0.389038068355078 0.21640462000921
-0.339093802244368 0.236434314875974
-0.355083375391426 0.236704687518671
-0.398545540833093 0.224134147526855
-0.431019051606207 0.20564110449008
-0.414042660747606 0.188143967997899
-0.365676061433994 0.19476993854749
-0.311839559951638 0.234451602157578
-0.22586282900173 0.292815446700031
-0.17811621529956 0.307201533477947
-0.190227242723035 0.301337095218539
-0.180170967029534 0.314535949809069
-0.151895807165466 0.326894013228964
-0.134577246359491 0.364791677624515
-0.132335538400628 0.367995248370603
-0.124177826764302 0.337025340903273
-0.12255328044112 0.351807236522621
-0.137305010074842 0.347788069556003
-0.156029745903463 0.225762476782341
-0.163418587650112 0.0868510872522024
-0.163787463330202 0.0582281428607684
-0.174170345620157 0.0797686996538815
-0.211601207196404 0.0913478136773849
-0.293114020735369 0.0328405409771217
-0.38746220608583 -0.0256204936350841
-0.416023219436091 -0.0303234351526472
-0.324767087971864 -0.0660243822375826
-0.0792619587494208 -0.0480661887864201
0.0234042763757722 0.00327671195471521
-0.0250761942302296 -0.012964877170872
0.0413964428246536 -0.0280682266035332
0.191183980694947 -0.0296489139551618
0.204968714059169 -0.0109830676076906
0.100323133217944 -0.00682248269987817
0.0889368904732726 -0.0484212605309437
0.114083564550111 -0.0931703897343023
0.0968361316705768 -0.0801042790583795
0.0774717587281264 -0.0478429880816997
0.0911163814427989 -0.049290507732743
0.0726633314322389 -0.0609787777562774
0.0577545527409923 -0.0602328836952586
0.110859093471407 -0.00870285002032583
0.156341012570794 0.0523813578545219
0.131882400879673 0.0381681205857127
0.105786799543303 0.00683531484297813
0.0938692050435459 0.00230384223061775
0.101842896327455 -0.0238942652145163
0.0952903329077639 -0.0668261233143469
0.0790800051607251 -0.0463507239558748
0.0939677604759508 0.0129565056626485
0.117748177328097 0.0356121864783821
0.12062167758706 0.00959860863367689
0.0982194750984604 -0.0365547274744175
0.0814512292167213 -0.0525274365588072
0.0413720740415993 -0.0674493993864141
-0.025691923983559 -0.0998720696532808
-0.0587162762102734 -0.113259189275671
0.0361005586828897 -0.0257421738022991
0.137648001088585 0.0693603160729098
0.127145464974672 0.0551126547871819
0.0844315658987252 -0.000738853863010198
0.0460914135006261 -0.0474159254728732
0.00395413727473017 -0.0353204592491114
-0.0126446956123943 -0.0226180431886515
0.00970568074470385 -0.0587431992029357
0.0205318713214357 -0.0908962228231323
0.0168524008709416 -0.0765930232593713
0.0590804440015027 0.0095496733841349
0.098321287713246 0.0500101877823898
-0.0160667527170567 -0.0367535580258424
-0.208999747286902 -0.146041620675232
-0.308832580566781 -0.170364307217233
-0.149839143520694 -0.0821325971339372
0.110699583174106 -0.0161154386039738
0.209740094613861 -0.0125310967426567
0.181866347083183 -0.0176957610834704
0.160654013224264 -0.0268035783499401
0.152203440111562 -0.0111450652490389
0.0783292966911755 0.0398726388916049
0.0209276637354902 0.0762307848914283
0.0338661455100379 0.0729205174547686
0.0822491827041897 0.0450875967544689
0.131181216007317 0.00787778296337257
0.14576668610879 -0.0235631637456775
0.0911100336979811 -0.0340894831998379
-0.0572226958777895 -0.0363664028103881
-0.127977547585955 -0.045211676979731
-0.0793227770896295 -0.0438140578854424
-0.0408459143231331 -0.0284048653161925
-0.0110395654760327 -0.00663098100246593
0.0116036632621043 0.0138607133252526
0.0285911657017108 0.0254233359364787
0.0414303356532193 0.0204100051007276
0.0572318246964937 0.0276954640577608
0.0161297234622992 0.0420688805578187
-0.144317958602901 0.0624015963678434
-0.345115408974626 0.108322042159482
-0.47306337064906 0.152190606325026
-0.438013389493494 0.193463863799666
-0.306690521625329 0.299747049648761
-0.207268450952571 0.384802636263337
-0.160023125282993 0.370769328847102
-0.125218948837591 0.344794855206635
-0.209771614849243 0.169544407019187
-0.392497289286356 -0.107151139473337
-0.500610513561834 -0.177769652055588
-0.500020174583595 -0.0902515964176659
-0.366882903918448 -0.0128946147641883
-0.135584192343779 -0.0186843047661619
-0.000344113220480634 -0.0234942901510546
0.0314265235639037 -0.0193363250519204
0.0799537867728132 -0.0289352186009647
0.120784488940645 -0.0309902345862216
0.133092643132707 -0.0274730041308122
0.132136946157497 -0.0120384899978373
0.138886218633156 -0.000927379023847859
0.143350934302043 -0.0144804019986738
0.12876741099967 -0.025071886100238
0.101026728105312 0.0019959975692018
0.089267603211429 0.0100332354355758
0.0882501469037655 -0.0317343938661211
0.0904162271539279 -0.0666203272206506
0.110396255195995 -0.0728894787932892
0.0814602138371353 -0.0751251044119808
0.0398078630693269 -0.066252135286195
0.0813289662123822 -0.0141357947382085
0.137375584223969 0.0354302055492856
0.130166240572167 0.0347757057980982
0.101753120212579 -0.00677815557156246
0.117296725882981 -0.044218574816833
0.102255870489437 -0.0664024325849644
0.0545831209605922 -0.0569720026023038
0.0399001084716542 -0.00223803628170148
0.0987817762955639 0.0551675904503141
0.146146464770454 0.0619418741987202
0.122021231220249 0.0226790464858984
0.0803842711679622 -0.0297008462976455
0.0692990186852191 -0.0550265244653178
0.0964881003974771 -0.0418531642141128
0.0781143428555999 -0.017695519808523
0.0113556101152327 -0.0102624152383468
-0.042132772678092 -0.0258321882535128
-0.0749108799298087 -0.0505271969088709
-0.0795387860453516 -0.0704697992592704
-0.0485765654301551 -0.071782353359561
0.0254157075103463 -0.0405872172645921
0.0929096085023005 -0.00754477300110661
0.0851264802274977 -0.00615539803058284
0.0669440389060855 0.0104059457382303
0.0823970528867197 0.0401408126154411
0.0787856763901918 0.0194316257223828
0.0853889687713595 -0.0473529337606306
0.108371243815273 -0.0680198750269914
0.127277525576082 -0.0240392057222889
0.150849114889407 0.0293295822522385
0.135508462793542 0.0495211500738915
-0.0722731103030655 -0.0443597806553064
-0.317740991057353 -0.187825672450255
-0.272651497314647 -0.20464257558398
-0.0414212843467115 -0.115068799291847
0.145806532147007 -0.0383338470154534
0.102120995163425 -0.03530653988163
-0.00707020152024448 -0.0656671555641175
-0.0513348087402897 -0.0899813046489607
-0.0982268625058855 -0.0932402805671119
-0.146390930105371 -0.0795292958478954
-0.194471578827084 -0.0529335630206356
-0.241113375959364 -0.017538294614657
-0.284960888790549 0.0225712968407159
-0.324658684608978 0.0633099988161589
-0.358851330702991 0.100592598782347
-0.386183394360924 0.130333884209957
-0.405299442871118 0.148448642569663
-0.414844043521911 0.150851661332142
-0.413461763601641 0.133457727968069
-0.401147974478093 0.156875440542092
-0.402669722583099 0.224473443106377
-0.347298815882755 0.284484475497197
-0.226369840829954 0.331993142770643
-0.168779045039315 0.347332099208396
-0.136476111646436 0.353957835427041
-0.0719988765282453 0.358015487211463
-0.15551463292854 0.23190956675804
-0.325565615635461 0.0139157501365604
-0.319492713692132 -0.0927935948087171
-0.170489364953937 -0.0583897010533556
-0.106225898156967 0.0137186807282674
