-0.089200531655044 0.0138364455244498
0.0133274819618818 0.0132130893906731
0.16740786826704 0.00486962181577659
0.153019328404599 -0.00510261601791133
-0.0321767207306837 -0.0348014969314254
-0.339080993634122 -0.0908807449627328
-0.467585909642992 -0.137093805465195
0.0977730695749256 -0.0459376890611713
0.187238368295056 0.000452463336017979
0.113880696927323 0.00801618104147396
0.141404407480405 0.0427160399640348
0.135011185437076 0.000346609676045333
0.151570007970447 0.0377693352127921
0.224826531754839 -0.0389634731052574
0.186744983828932 -0.0576118720947713
0.147001817987451 -0.0165814752339841
0.0977983793402717 0.0189447650925803
0.180220479382238 -0.043310850428459
0.187381365140842 -0.012731248846661
0.128824696620532 -0.0122793898963128
0.134792802169083 -0.0322386240768236
0.173257228816401 -0.0675930788057089
0.188239154699596 -0.0767949596431236
0.178781722401961 -0.064566602384044
0.126938446391293 -0.0172356438167553
0.13728154252779 -0.00199157048669543
0.0968639235070964 -0.0215986675318687
0.10302153894036 -0.057465058966492
0.248483012581882 -0.0442999954430061
0.177458323405217 -0.0166298805117051
0.12618597225922 0.0109865931580728
0.113292552978397 0.0565651881737421
0.105957118895252 0.00834022379814787
0.112544788086663 -0.0135891637838283
0.0682517013387831 -0.0549989282520938
0.0610712435535722 -0.0263567519055951
0.177566678999795 -0.108385396517807
0.19292395684525 -0.119355630989877
0.123830048382809 -0.0104109464696337
0.120547240562593 -0.0390451132132138
0.152847402888927 -0.00677110103598942
0.0673478957466387 -0.101672423757087
0.117237397791683 -0.0257232052083358
0.115407989985424 -0.0104270041566255
0.0591552316118528 -0.0252863939182428
0.164000773853648 -0.0520629197223142
0.168600131151883 -0.0265265963421362
0.113055078924485 0.0280784433301817
0.0976096131255178 0.0313133298454717
0.0659537139588214 -0.00621938437145817
-0.130763868328102 -0.0573095530690976
-0.385753098919542 -0.0849150522833868
-0.595113565574502 -0.0627760959375794
-0.737133523535628 -0.0118274564261245
-0.790101228045569 0.0469960938565288
-0.73230493434697 0.0927597825159318
-0.54203289768248 0.104528837157635
-0.197573373294745 0.0613684853871901
0.11897511851637 -0.011905581397287
0.193531603046296 -0.0844016564073023
0.176180366290275 -0.0885653650319711
-0.0914220733432084 -0.043926512529903
0.0904882142724447 -0.0449218042247395
0.119115598764977 -0.00799550346428284
0.062004404112043 -0.035556222419928
-0.200095053541434 -0.0185702573395276
-0.488136128101941 0.0107202059287425
-0.651533815321831 0.0329786976828081
-0.712114118526916 0.0484849377271821
-0.691703041043009 0.0575186458663774
-0.612126586195924 0.0603595419049069
-0.495210757311472 0.0572873456472834
-0.362781557715467 0.04858177689802
-0.295163104257202 0.0426178422877526
-0.0288428359740327 0.0159077319030137
0.08100439335951 -0.0111321167999394
0.143574043620545 -0.0523786537285637
0.16970561150578 -0.0973646662102331
0.170238593711924 -0.135622941572321
0.156012486935685 -0.156686267142202
0.137866787873772 -0.150087430247249
0.126640993222893 -0.105359218214836
0.123042801983677 -0.046343979647844
0.120920775517932 -0.00421398069791964
0.117111789254551 0.00859925135702664
0.113642757070517 -0.00488837044179658
0.120432016100452 -0.0235493929113599
0.147397903478972 -0.0262563628686337
0.181417789544586 -0.0152604246090274
0.207889094633721 -0.00722354649909382
0.182816179937843 0.000647615932591497
0.169589030305815 -0.0133025854435451
0.146835709035858 0.0188641914316697
0.15189894281935 -0.0189398663934435
0.137435878687588 0.0275321200646339
-0.201698634420034 0.121321231311325
0.0936028228498843 0.064242110063573
0.144845266706093 0.0111109843874435
0.185600053096113 0.0525877196739907
0.183933865695256 0.0331291571700292
-0.121563525657991 0.0403975454482958
0.0870432246771759 -0.0351622555609069
0.12174812001311 0.0236380784911446
0.101608403465126 0.0126426754262252
0.102764178052061 0.0367645708839038
