-0.245218762002882 -0.159722256029807
-0.253646313119024 -0.151929605933298
-0.266849923425607 -0.144972297456455
-0.256578871898806 -0.134271594120794
-0.172466783930316 -0.0381899768009204
0.0915261469013427 0.0729667849533312
0.310185025363147 0.117924144060758
0.33644677333151 0.0578426694860055
0.268984137970812 -0.0313227728514567
0.206469866445435 -0.0736173170321607
0.186485471178833 -0.064137512962501
0.104515271521112 -0.0245952637498675
0.0118048088363991 -0.00668969352022178
-0.106713292778781 0.00440504957980773
-0.159726828024199 0.000310074552307673
-0.0559235915996296 -0.0273535096006354
0.104848164269246 -0.0422346691535621
0.155673633674512 0.0126535515622706
0.149630645878376 0.00829738015820989
0.133622101529185 0.0725840471745506
-0.259444548458645 0.0786895315729855
-0.358120382938776 -0.0352709863991125
-0.196600289013428 -0.112912071106193
0.00920760004814054 -0.0655897783160015
0.183021197593634 -0.00443442555458561
0.208193370196887 -0.00939814265954034
0.158542724348979 -0.038535525711521
0.151800519935795 -0.0486466096562724
0.174086382055877 -0.0556656057228761
0.186153713482842 -0.0478173607292215
0.148755916990304 -0.0133267214931986
0.10652190876882 0.006377566235565
0.131055667098993 -0.0331828594331816
0.2154078995972 -0.17315942889351
0.235144730622919 -0.0126176270094699
0.1538835191279 0.0489085448291866
0.191801379588897 -0.0225706648589841
0.171447254379439 -0.0438254385414263
0.161043425579398 -0.0199230605688874
0.161340157305641 -0.00145851443055193
0.158946017805942 0.00654582123108224
0.142362122909394 -0.0155095950811078
0.127672210584956 -0.0459356688082571
0.128389927742338 -0.0707411457197586
0.131872762298485 -0.0809361232577366
0.126240314086547 -0.0486980093790185
0.121785083433037 -0.0177696408946533
0.127225531521136 -0.0549918931409777
0.142978879716517 -0.0668903431810598
0.16300013649192 -0.0374501227597823
0.145351973989789 0.0329798345008282
0.200083770489918 -0.0186948181988659
0.148790048385206 -0.0110993556568078
0.150740755495796 0.0259712865252716
0.172317257853577 0.0197436367296485
0.174138408744417 -0.0246374732175279
0.15790427267073 -0.0638022770220452
0.104070979112294 -0.0518672207911705
0.107504591547796 -0.0444500221616345
0.130870165629709 -0.0481175571150361
0.0915353170550466 -0.0554792349590313
0.129973331336162 -0.00631747444241178
0.126712160414655 -0.0224909457887752
0.152442065590485 0.0066444631809325
0.142500042927477 0.00994477490776764
0.139366611511566 0.0101869167643619
0.219876398766789 0.047914807100247
0.207169272252819 0.039785867725389
0.212653488458415 0.0194874728762005
0.205784510117875 -0.00613523462979645
0.193664941888722 -0.00773145970005549
0.183170609236669 -0.00213775044838241
0.216044901816583 0.0211686561672688
0.193611172125593 -0.00289560993225969
0.145699821105595 -0.042091563630304
0.136885196610261 -0.0418829234338548
0.147492211692016 -0.0231623888242214
0.162727523599614 -0.0129517332235593
0.170379879040074 -0.0255169822762534
0.174572865735341 -0.0420919886098793
0.179430071407356 -0.0439106048520123
0.189075083778064 -0.0122066836302279
0.198124311449307 0.0209991082046616
0.197360742680784 0.0134845744690557
0.190259062470886 -0.0314549036286229
0.161135770689675 -0.028950856890565
0.151137079469442 -0.028075916603979
0.144765819378991 -0.0300122958399701
0.126204212735607 -0.0524017035361375
0.121128948120544 -0.0208125310518819
0.127781913315507 -0.0721604977963189
0.133588516107052 -0.117617189849565
0.119548640506922 -0.087110764472413
0.0980166556622708 -0.0253131884215965
0.0860849426350355 -0.0114631926369595
0.0882310911142364 -0.0400424956709336
0.100713392765543 -0.0388184553895534
0.123291040962323 -0.0414024233146989
0.147258727098427 -0.0349880861817891
0.163911142567704 -0.00676913072624339
0.169302829307241 0.0386130062603515
0.168652952267894 0.061600796059
0.171735639651671 0.0561593497734846
0.176952899141023 0.03259462977805
0.182706738418397 0.0012125984469403
0.187399165166241 -0.0276807818455999
0.189432187067004 -0.0437795487253262
0.184146908657995 -0.050703771972402
0.172705861345353 -0.0570087780764801
0.162243193114771 -0.0597914897275509
0.159893051951944 -0.0561488296156043
0.172789585842565 -0.0431777204306303
0.188302621128582 -0.0296616046372332
0.196225494342073 -0.0388106071127306
0.135012108917543 0.0364550060033292
0.138749284181452 0.000855632910007095
0.153446116722042 -0.0703726003419889
0.156276158050504 -0.107348661651238
0.16779176603328 -0.111397062391054
0.183982042164247 -0.093064633866588
0.200836087937281 -0.0628982073829898
0.21434300484626 -0.0314446142454101
0.220491894385061 -0.00925068575899945
0.215271858047558 -0.00686325322890828
0.20408098753425 -0.0115097953972812
0.194466274335994 -0.012935570192617
0.177219602142019 -0.00605819827850766
0.139809216838646 -0.0130275630933626
0.0980382278254935 -0.0443245832728112
0.078426313219314 -0.070783643451741
0.0834761257276 -0.0908245062571241
0.0962242904222491 -0.114911308270981
0.113991443966619 -0.131944995060773
0.134098223024069 -0.130826512193959
0.153865264257957 -0.100456805238001
0.17061320433164 -0.0297368197603589
0.174852932002921 0.0347881821108135
0.169948441655904 0.0265962226351811
0.158458183992607 -0.00597189221119495
0.159154184203972 -0.0170605328498268
0.182318057494313 -0.0219598659942968
0.218440238877352 -0.0226543516613766
0.258011163366812 -0.0211284498678376
0.291521265976415 -0.0193666206304515
0.309460981719881 -0.0193533239659897
0.31041373050418 -0.0241009370758615
0.301079919494551 -0.034089237645162
0.284125464592127 -0.0475037864161924
0.262216281698043 -0.0625301441312534
0.238018286713431 -0.0773538715326458
0.214197395539424 -0.0901605293626705
0.193419524077156 -0.0991356783636285
0.178350588227759 -0.10246487927782
0.171656503892367 -0.0983336928475473
0.164390303099869 -0.0756054987982765
0.151750721789873 -0.0382196283778552
0.142622231729589 -0.00697556961215357
0.14314813093024 0.00768243696835509
0.150897068274975 0.0119924300270078
0.161891541838902 0.0101783403286494
0.172154049697125 0.00646409863812478
0.177707089924751 0.00507363572027886
0.174573160596886 0.0102308823399565
0.168816618551877 0.0179850637809855
0.168466474274463 0.0217406038598601
0.172492206309338 0.0217542311404248
0.179863293201196 0.0182826741865241
0.189549213494732 0.0115826615620024
0.200519445734639 0.00191092183070431
0.150293385351281 -0.0277151562235185
0.0945407832699497 -0.0431897335834807
0.148189782615248 -0.00200304153512113
0.264323670432178 0.0303523531692791
0.234210211574283 0.020424814284118
0.159138610368914 0.00477864147087782
0.140398071143428 0.0199781343910408
0.165489086250956 0.0499115371923609
0.153791386843273 0.0538525333180263
0.128302754956552 0.0437454243644116
0.11191273443642 0.031808942688009
0.103567030522366 0.0180971930336293
0.102211348453885 0.00266428014608339
0.106791393470467 -0.0144356912298182
0.116252870811604 -0.0331486163492645
0.129541485716789 -0.053420390467445
0.145602943425513 -0.0751969088395488
0.1591539784392 -0.0922453346826305
0.165404333559221 -0.0989352304658612
0.164039226474996 -0.0961160903226046
0.148289437567527 -0.0837987512303767
0.111097677109156 -0.0671176714490199
0.0517170576263053 -0.054607777035388
-0.0305993083546041 -0.0548039940463348
-0.107914505868696 -0.0790328812930865
-0.242309348919237 -0.138366564867656
-0.403627424109762 -0.137925673438573
-0.471571930265857 -0.108214522264768
-0.453905572432178 -0.174516697393148
