0.0733494866217262 -0.0523291516328187
0.0645111146702035 -0.0598257718237869
0.0767192756754618 -0.0673040536179891
0.0673791984561212 -0.0859414667516061
0.0737596131288096 -0.0869861562372013
0.0763685140284477 -0.109020587833382
0.0693969771685986 -0.125999410603042
0.0586546834618114 -0.108195412050283
0.0437424300902464 -0.0830704790784474
0.0706801249548166 -0.0650438022428519
0.0768771463828419 -0.0653956362970977
0.0754962968352149 -0.0526053843771178
0.0632585114236821 -0.0598379362202184
0.0410301877460673 -0.0652480773755506
0.0103653880557994 -0.0758375185398192
0.00955990752491011 -0.120522101724538
-0.00696850387250665 -0.117268523299189
-0.00358660380296041 -0.0868687447749454
0.0506290003188201 -0.12092906532235
0.0784375022738659 -0.112883058143141
0.0771316076939747 -0.125161532164329
0.0851639076014239 -0.124678124860491
0.080430892409909 -0.134218068896269
0.077744348734315 -0.127048802945844
0.0793104928394336 -0.130001487972543
0.0841069015382993 -0.117390175360326
0.0803086573136342 -0.117256025195795
0.0798394344610117 -0.116616464740564
0.0771173065501094 -0.113836187247071
0.0857856649150663 -0.0994908987290695
0.088609819200341 -0.10159959717101
0.0825407504168367 -0.107346899899648
0.0718066717143388 -0.103190610157183
0.0621966524941331 -0.0927009851951545
0.0734802928160609 -0.0985251778554593
0.0705435400835029 -0.0860689416290185
0.0734577466279608 -0.0616785451847253
0.0556072192300465 -0.0593192437781038
0.0681791266467835 -0.0432536765876158
0.05415834001193 -0.0623269686907004
0.0560230007906787 -0.0789268523482829
0.0570612064311737 -0.0745896282026633
0.0775453262180903 -0.0667835941599005
0.0780255360385775 -0.0990368191382024
0.0682832013116094 -0.120068761631279
0.0861451963390992 -0.0827919865348061
0.0837575026362873 -0.0791919378849556
0.0887859576378612 -0.0795769953957431
0.0456018661372426 -0.102173566030069
0.0579351064215121 -0.107363039862728
0.0619740569825303 -0.109073765723786
0.0771695376161733 -0.062099882245873
0.0818083785695205 -0.0695451804714839
0.0585709147920954 -0.121709160567502
0.0587859045949839 -0.149783387416239
0.0594519892361978 -0.138863056964124
0.0737562963667371 -0.0656514497338152
0.064761075271947 -0.104731262763106
0.0670850524815931 -0.0696963669545786
0.0625869758566382 -0.0715036998517032
0.0391353459885861 -0.0819649710039734
0.0235942493639396 -0.100818248902538
0.0251940177646848 -0.104576536153512
0.0428423735231981 -0.0975810228938594
0.0384244933439441 -0.0894615102839311
0.0338392582391061 -0.0373854726033969
0.0617289436606009 -0.0375206266796195
0.0611435007507522 -0.0355878977449299
0.0633331979422603 -0.0545881523331417
0.0471895631313843 -0.0617483461839084
0.0478193813622008 -0.0546507416697149
0.0542526105781289 -0.0490941253230342
0.0620770433447408 -0.064383876946638
0.0553580637604764 -0.047111119859763
0.0599416519175954 -0.0466358740652783
0.0674367233526863 -0.0656599969903845
0.0647749099218572 -0.0698456978939513
0.0530017267988458 -0.0520011434027136
0.0602091895642288 -0.0526540308138009
0.0600762686583736 -0.068051199045437
0.0696287498534065 -0.0737881174267861
0.0763649250176348 -0.0361209735136073
0.0803625562847401 -0.057054810501686
0.0732306639452177 -0.0581193693834969
0.0535405316973179 -0.0838294599230434
0.0708714162199635 -0.0906114223905953
0.0757109773288402 -0.0834460441376778
0.0817587667020338 -0.0863259359180968
0.0784963479302224 -0.0848685130050486
0.0923525245016837 -0.0776407859024066
0.0757573988914424 -0.10703986153936
0.0585892721913138 -0.114066439553283
0.0106834063337496 -0.177041023227044
0.0531290144519247 -0.168255821895862
0.0689013348147257 -0.134811238451472
0.0917134598638919 -0.0993091517170098
0.0814921701552072 -0.0998441662267864
0.0883926697498049 -0.101029028020947
0.0704444320320872 -0.108734835194697
0.0815616831745779 -0.0925956194397589
0.0779917361768497 -0.106098720896746
0.0775110079279544 -0.104465320723874
0.0812704280724349 -0.110919529816478
0.0828321164011872 -0.105347938684053
0.089129714802907 -0.101987280278919
0.0852348043542349 -0.11502708345232
0.0885300746691455 -0.116220895677943
0.0760422874151797 -0.126435617624301
0.079149088978787 -0.136408247341778
0.0804598641336997 -0.130799149758551
0.0659526332477104 -0.125568622099545
0.071326507819556 -0.136917576014769
0.0710226012274737 -0.137466357205393
0.0645422407431582 -0.120770754626577
0.0772350362668415 -0.122667022444143
0.0874646257118436 -0.139709670863429
0.095878740400938 -0.150869610186319
0.0581180748619122 -0.189118472578044
0.0405247513026039 -0.200899513433668
0.0344390256628132 -0.179539323933289
0.00424339952061785 -0.132743425849788
-0.0134452792555296 -0.0740510379568341
0.00973859203469012 -0.0980804472058402
0.0476763836521504 -0.11833842276206
0.0613094723532623 -0.129437173818513
0.0561025235508857 -0.144805766658151
0.0801102896519832 -0.12959320189543
0.081282984229575 -0.112405329554839
0.0754794936639665 -0.118136001348447
0.0578345574625979 -0.134790480084435
0.0806056677391002 -0.0973145030693679
0.0426648318160425 -0.0512556616350575
0.0727108998350237 -0.0590222355496469
0.0347916187987791 -0.105250439067074
0.0577514337723323 -0.104604031280873
0.0736616829744072 -0.0841374384965274
0.0814778164286215 -0.0817299470356155
0.0844392339861147 -0.0887173146104692
0.0749605250277762 -0.057181426246934
0.0798400077297443 -0.0709552518252385
0.0746422775970941 -0.0879420710447747
0.0729460725533507 -0.0940762846682051
0.071843064170614 -0.0999991032614347
0.0724118471739483 -0.0989901717076336
0.0661722550461649 -0.115647644800536
0.0312633163125601 -0.163895546701566
-0.197611087380583 -0.440269407542523
-0.282124925035252 -0.507749297513696
-0.374396329378346 -0.615201166430436
-0.22126143122181 -0.466192425374154
-0.0827574773119578 -0.292847918057684
0.0633398977066272 -0.0845595361603686
0.0646510564230038 -0.100086484748638
-0.0461294864033628 -0.152184369080092
-0.0728028612232713 -0.157843055295101
-0.0294745078196785 -0.117845386716988
0.0554809188898255 0.00231034441223798
0.0541575544215876 -0.00292464373088556
0.045845397413672 0.00985760037335919
0.0612206092486091 0.0143583078591589
0.0677117525446277 0.0122019384795997
0.0737344079920035 -0.00117106175822141
0.080061370765262 -0.0370454607781722
0.0770390535563351 -0.0683578217771667
0.0766769119002557 -0.0406350454563476
0.0783579958740547 -0.0491507881420488
0.0733486744634574 -0.0479428212934207
0.0430938391285914 -0.0778890668564473
0.000429219746375804 -0.120556953559866
0.00379275814888605 -0.119067164515091
0.023555975625881 -0.0980150277155391
0.0531489043077835 -0.0518829758751315
0.0356211514310121 -0.0483581890582508
0.0492048517572066 -0.042517125841424
0.0480465478398128 -0.0588235046808072
0.0412439857555061 -0.0330646697566951
0.0362602483319585 -0.0526849293019088
0.0532453057005463 -0.072998660026388
0.064051054930535 -0.0815609229679047
0.0555853998207112 -0.101797358195149
0.0668492690670925 -0.0661269641742019
0.072592374170235 -0.0724706066287652
0.0629340107504316 -0.0767120223350576
0.05750191498834 -0.0824427732828914
0.05480069522655 -0.0557123010280315
0.0585050216310241 -0.0342378793561651
0.054205504556414 -0.0671974359417965
0.0501988928546835 -0.0737555932896321
0.0449400496711331 -0.0834970188691194
0.0596927734237352 -0.0573633131169888
0.0672154040704193 -0.0759273105512186
0.0545066060948376 -0.0497616033463865
0.051963301503681 -0.0259014740214797
0.0504975941892158 -0.0633961987483596
0.0418285534369621 -0.0607996342456371
0.0231034173647979 -0.0848558985088461
0.0779373822986544 -0.0521542350047864
0.0667030618444297 0.00525175622944977
0.0681669622871764 0.0180987214425859
0.0452223685750869 -0.0488132670251172
0.0343731254340825 -0.0499744836884035
0.0438819307170775 -0.0591990970076386
0.0627406993717343 -0.0527975029738086
0.0539161637538029 -0.0606775597567224
0.0620589543969764 -0.0667290178685771
0.0474438048858459 -0.0738277466472746
0.0561179797243188 -0.0827608344049457
0.0397199173579224 -0.0785441619943624
0.0777623110286121 -0.0472687230587752
0.0602338175338941 -0.0773166806421878
0.0596835341343052 -0.0778205864743681
0.0235408693494825 -0.130534144717184
0.044530224575507 -0.102045492595847
0.056494806868181 -0.0732234688311094
0.0729438275297521 -0.0430147869750216
0.0642857367075707 -0.0655507271968173
0.0679547377326871 -0.052100587995337
0.0384753827420652 -0.0775915994946599
0.0651152299748103 -0.0684341789967151
0.0605436411220798 -0.0674109538857485
0.0479769039529744 -0.0820635308821676
0.0682006446862019 -0.0666351848210594
0.0741113827829466 -0.0496705729154802
0.070166639015552 -0.0704277740341758
0.0351887930601319 -0.103162735932826
0.0318430241932099 -0.105935953252243
0.0730143767794689 -0.067813916848754
0.0726579932885802 -0.0685922614651674
0.0783962329085349 -0.0532171882583858
0.077145747980904 -0.0520511505928481
0.0786086293594088 -0.0600647497108025
0.0748510590902314 -0.0575087390169737
0.0749506336946788 -0.0595399382015405
0.0756473789540217 -0.0806798359348138
0.035547964458314 -0.129464892454171
0.0442641264978491 -0.100690488005693
0.0418194792202628 -0.0753715412615384
0.0489027512536005 -0.0237897160818684
0.0235820143651618 -0.0386703662124874
0.037449660531591 -0.0383640963775645
0.0462662384513639 -0.0311687756457325
0.0634694161240741 -0.0183808330146377
0.0582424033040023 -0.00622896350648783
0.0339072138083154 -0.0387516996099873
0.0106891931090523 -0.0444399480437317
-0.0303302081410665 -0.0657091145221971
0.0338787849059341 -0.0173727048012431
0.0488816603657261 -0.0364523218809728
0.0593313849937873 0.00772094032507789
0.0591488484406261 -0.0178721807454526
0.0671049490594259 -0.0503531423275093
0.0612111757646527 -0.0386199585837925
0.0627822900304412 -0.0171332694428963
0.0624078011534523 -0.0291916619084828
0.0663658573029214 -0.0365599995369227
0.0612378740869318 -0.0504886507235749
0.0547169174757679 -0.0537378371237183
0.0503348589798977 -0.0575519145821147
0.0146060931876404 -0.0809959137581931
0.0311182587827302 -0.0764953404923861
0.0259251121492078 -0.0795982921465587
0.0630657615812942 -0.0371713237852297
0.037990948266595 -0.0660460543562789
0.0553138152216042 -0.0405014417141248
0.0483291567551015 -0.0625007020567149
0.0757463441987546 -0.0295266590821419
0.061984092974933 -0.0461214618999619
0.0295197980293125 -0.0678186085612161
-0.000929354758310652 -0.0738416505239257
-0.00566907704497309 -0.0504243614746022
0.0364957905265665 -0.020242837428593
0.040689872537659 0.00114341471238566
0.0454499656180043 -0.0112516343862794
0.0622409693851032 0.00202057349670651
0.0648204585943978 -0.0009242585186141
0.0672562810164391 0.00266043477908462
0.0558128295737689 -0.0444254045258797
0.0562603264655576 -0.044103489739506
0.0579329442086599 -0.0557763475395658
0.0548263996856273 -0.0570755868608445
0.0532998813287212 -0.0587166499716662
0.0692777418551412 -0.043592974001276
0.034925467026686 -0.071622508730299
0.0470929360644101 -0.0527161583674054
0.0187970762005433 -0.0599977623768633
0.0477595902162361 -0.032260624054294
0.0349221068863067 -0.0567925509127853
0.0438310336794064 -0.0509367054669149
0.0635612192115462 -0.0357908707728727
0.0712138475319733 -0.030031004453144
0.0711316332453216 -0.0347381525170684
0.0725871601599981 -0.0330005454774611
0.0683380853777603 -0.0595771142028915
0.06025872400071 -0.0623512344570669
0.0527765241617128 -0.0708582195526626
