0.0825014446725866 -0.111300473570547
0.0807150577492198 -0.119650127365484
0.091294264582099 -0.112175358230563
0.0892261123319636 -0.108645605961886
0.0745592053995063 -0.120979849545048
0.068927962713391 -0.13275297366931
0.0635876720942531 -0.106527052154872
0.0772446037847211 -0.0787315985550928
0.0826582886175794 -0.0919150916124923
0.088413503227406 -0.112842367843014
0.0915854477126058 -0.111969201433155
0.0878560455533286 -0.1264644727404
0.094346059817347 -0.117836853578299
0.0825962202095904 -0.127853281788255
0.0985963537673985 -0.112857413468996
0.0922443117920557 -0.129910405933566
0.0976992346899605 -0.126412809560947
0.0899879728718482 -0.143962014054089
0.0492980475742816 -0.175890281779825
0.055181255035926 -0.177244517654085
0.0656046721452093 -0.171322706228758
0.067061929463529 -0.110072694873425
0.0566575818546298 -0.122774640396145
0.0588514729613672 -0.137714840687786
0.0663054110697697 -0.0514992897906217
0.0735730272658865 -0.00800156911591921
0.0771418740537223 -0.0702908724418492
0.0444676464102104 -0.0910795966575008
-0.00518538855735339 -0.10556242984421
0.0592165092023483 -0.0707351415473761
0.0852049931761835 -0.0504158173936406
0.0825824597876764 -0.0820141952909097
0.0714548244231224 -0.0709193278599923
0.0325415840924825 -0.0550980659806879
0.0393811964061981 -0.0285092996817165
0.0125353213553309 0.00404316936189486
0.022132510261663 0.0285666772884903
-0.00114477256126912 -0.00422097574676427
0.0046127340570367 -0.00167867812361147
0.00921348301996738 -0.0294023722752816
0.029866116452908 -0.0757091058566246
0.0485979093761248 -0.0474866751789194
0.0505505766437177 -0.0621013623333081
0.0644366604612178 -0.0843347949162297
0.0506647049992143 -0.0742584146745301
0.0637828233056918 -0.0656708025088661
0.0710156600663505 -0.0625676456195531
0.0744992178396186 -0.0736429730614727
0.0772240622596121 -0.0880362424034594
0.0698311397217361 -0.0904449920025705
0.0676938546222041 -0.0920188688306856
0.0732850668457259 -0.0906157556968525
0.0592313385354132 -0.0773579829431159
0.082138996297154 -0.06743220980412
0.0904226033142096 -0.0939163016586664
0.0932705643327686 -0.108189705101256
0.0929926448922726 -0.106175865439941
0.0838933957424596 -0.108523911896373
0.087131803684119 -0.111471115634625
0.0830956076109677 -0.121301422560066
0.0728729144028297 -0.130323766663388
0.0512463321472473 -0.108725705360848
0.0218574587975877 -0.122455343197585
0.0389028100887554 -0.123576272825038
0.0419383315262821 -0.0752237378671598
0.0690075693627531 -0.0424236451309662
0.0707120355372829 -0.0713155567051813
0.07361208903849 -0.0627338941013333
0.070599857071735 -0.074919599513325
0.0852644936388573 -0.0981490273188247
0.0790350503188844 -0.13009509171664
0.0880575607953176 -0.12350351361703
0.0955793257217454 -0.121401403186914
0.0765026587072224 -0.122088490169427
0.0657980951938258 -0.144353297527927
0.0279140590630381 -0.123324778392562
0.011288277123498 -0.0393440372703961
0.00265169941887655 -0.0783716184296733
0.0145636498685382 0.00135106408123813
0.034123432534975 -0.0399982499137469
0.0513612550879841 -0.0201618956449563
0.0619257228045077 -0.0576371786665123
0.0419611390652385 -0.041188104008537
0.0533185312071452 -0.0547736192812581
0.0487140279291291 -0.0682105278556987
-0.00165245849191761 0.0684200533939306
-0.00886852413418081 0.0106352864422385
0.029531389527426 0.0437128552308724
0.0481891921234469 0.04212627186371
0.0485214317453753 0.0252262987584618
0.045950797161363 0.0579835631597102
0.0327049099049609 0.0364137219886803
0.0184678918721154 0.0216550856003538
0.00891450972077631 -0.0110528626645895
0.0212493416074467 -0.0224798871440907
0.048769953637189 0.00184084936834989
0.0688361981151269 -0.0117015231352555
0.0684212252511934 -0.0375222627143488
0.0717231639838816 -0.0292940168980571
0.0614555417369121 -0.00169911997488411
0.0384999886643093 -0.00429593743390852
0.0251391462902082 -0.0338414653965559
0.00523902920107271 -0.0271603514797661
0.039968561863114 0.0273774369692544
0.038028879438859 0.0239236325942449
0.0271767171179364 0.0316834123443842
0.0380317489674808 0.0337702235941541
0.00263568885855272 0.0613362242920676
-0.00851344325640261 0.0683637782900044
0.00338033733492823 0.0416048752538548
0.0210893096954857 0.024316477152656
0.027408997500571 0.00783797281341069
0.0402165433118189 0.0124202599853626
0.0507004644989837 0.0151839081447641
0.0537962885165943 0.00131791826884638
0.0453682660495229 -0.0309692863755096
0.0377609258636239 -0.0559949575075968
0.0261491000572375 -0.052859609487969
0.0582914580812526 -0.071231307861393
0.0687019710184859 -0.0750849986848863
0.0833381116473014 -0.0710870510130064
0.0745230272075225 -0.0949847552698923
0.0792714989976352 -0.099844896286475
0.0745638724677036 -0.11329148795989
0.0804028997264777 -0.116420773164158
0.0721090733476922 -0.0988538026245951
0.0721939910886393 -0.108866048793599
0.0769704467135963 -0.105277039674027
0.0819623253044502 -0.101295151326623
0.0873557120656069 -0.0909923020335457
0.0846012046147715 -0.0795752949351337
0.0888596709806685 -0.103704374223157
0.0742757630982394 -0.0981957991554698
0.0748596942502527 -0.0965635181706824
0.081799174369588 -0.102136311475148
0.0674406602915867 -0.113590977618021
0.0626836723008718 -0.116067678434254
0.0412851045535496 -0.0799171773293045
0.0308325567338372 -0.0256055632891044
0.035948424559631 -0.0575136751450575
0.0378636237080625 -0.0197875994375707
0.0348783213242062 -0.00794490388673385
0.0744925436197922 -0.0386829386243387
0.0648847315553067 -0.0776038701878746
0.0686062351898517 -0.0717149311160472
0.0665514001286239 -0.0238560405775583
0.0398377169595605 -0.0172661139993054
0.00685119756880081 -0.0559663976737942
-0.00245119789597335 -0.0917003660423059
0.0293508748627117 -0.0487775541284815
0.0651471152303524 -0.0475613812438167
0.0787209665023709 -0.0595167452210834
0.0597098735916792 -0.0623877330724102
0.0642482156690532 -0.0790895984653212
0.0543616125085334 -0.0741089050567203
0.0212677005214056 0.0197134296985366
0.0165619505070889 -0.0196552863576085
-0.00857450321872556 -0.0133163280885227
0.00606175294201216 0.0205188756059314
0.0263535879701932 -0.0122872369376881
0.0576921910204942 -0.0463006353741672
0.0726414518164259 -0.037962754482849
0.0807239262261435 -0.0396303259578648
0.0782183779073518 -0.0467517788993205
0.0542927156082365 -0.0590082777386653
0.0503493697914049 -0.072590253357294
0.0486304923182668 -0.0938246952330243
0.0682438389951165 -0.0906060966476458
0.075452126132978 -0.0996374163215417
0.084455908052282 -0.101164115497706
0.0837442519552415 -0.0893953337640644
0.0879465040404603 -0.101521211923322
0.0834164712459585 -0.106068787738452
0.0624837159079045 -0.116297526259617
0.0777219690060573 -0.120837445648705
0.078302622394384 -0.122157551912479
0.0841753532154549 -0.119127893127381
0.060891030271795 -0.120818051836547
0.0693505257373249 -0.108179662367937
0.0528975762056225 -0.116838542851053
0.0725341403619981 -0.0923853307656841
0.0706755605390921 -0.108724481619197
0.0831422079985179 -0.10344220584269
0.0821331644534298 -0.101075289765466
0.0845888437908815 -0.0964399751171119
0.0885978594756899 -0.0885944368316469
0.086484552457535 -0.109620783737131
0.0837698246287535 -0.11792544975245
0.0730988420850609 -0.120303420737388
0.0448258322172181 -0.157429587384558
0.0414728409786569 -0.173807390438752
0.0316558040054652 -0.14047533574708
0.0708586385669578 -0.104707230073297
0.0820784372915311 -0.0984681915381963
0.0891020480268232 -0.0921623913828973
0.0885842237776636 -0.0924123855542489
0.0875756289905687 -0.103506179125568
0.0763212896235722 -0.101385399769241
0.0656608657125742 -0.0824356454654417
0.0524691488612582 -0.0816901502478328
0.0327759331162848 -0.0672187042322817
0.0151877721841865 -0.0668672514695712
0.0235433047592253 -0.0410131811511734
0.0487990476068083 -0.0554767047403022
0.0725519188080692 -0.0739821263507565
0.0767466246862638 -0.0738707056014329
0.0862700021399905 -0.0899123023324033
0.0759640714604853 -0.105529440091276
0.0689037596933651 -0.0917564872936324
0.0640838911789906 -0.114833713739259
0.0769095910433654 -0.117140795361176
0.08009425548688 -0.119600253480995
0.0889155019875472 -0.116733801611696
0.0873517277398935 -0.124555033899566
0.086319137033635 -0.122677135340487
0.0854370539446828 -0.125625260063502
0.0839241388943874 -0.13485332575927
0.0815680391021203 -0.136750822975702
0.0821972610871853 -0.115076318807697
0.0869604811347399 -0.114756085540486
0.0865849007945399 -0.109297800233679
0.0895068017774664 -0.108923793438311
0.0888025156868299 -0.122189757239012
0.0689302298269227 -0.131157802524896
0.040488481246442 -0.140991119733818
0.0244457845958817 -0.15811298062596
0.0150514143965083 -0.131051236115389
0.0110211655244468 -0.0802653374002437
0.0407171243387881 -0.0553643408677882
0.0712308409299627 -0.0445117416521682
0.079876099617438 -0.0793987368851519
0.0873295290090429 -0.0559648498524922
0.0773149361816539 -0.0882714233861637
0.0707184608948681 -0.109248839611673
0.0238261618885101 -0.121916851809428
-0.00898850893392961 -0.107402984258794
0.00301586374172187 -0.0995995121188109
0.0148983143695483 -0.016828614967615
0.0406100049240771 0.0461149057687506
0.0699448579851039 -0.00073030290031604
0.0855630169272586 -0.0600597253060069
0.0839976992465335 -0.0801074847693367
0.0755568462583886 -0.0901719561319821
0.0689117684301232 -0.0990063177971434
0.0768236203100202 -0.0895945225712279
0.0732110534565532 -0.0876181049293946
0.0708586097889201 -0.0900035837055501
0.0566727830606531 -0.0666352379910808
0.0382234193662438 -0.0389794229737803
0.0173756488383946 -0.0451116803534918
0.014708171016222 -0.0453467968976565
0.0182343489672477 -0.032026195424161
0.0541912947715285 -0.0575205285619519
0.0603201786526669 -0.0510024102241174
0.0701321767883115 -0.0543214328745818
0.0624700506334477 -0.0801248788036604
0.0624156441875051 -0.0858423667898067
0.0633824023335335 -0.0865201112789867
0.0652107117784746 -0.0767899435269454
0.0626902186661637 -0.0853979472561644
0.0678744384093955 -0.0792228012565443
0.0814338258640693 -0.0666681313754238
0.0630873216438397 -0.0922991719783557
0.0653111095377635 -0.0904562015118838
0.0641492234206931 -0.0786342717325012
0.0484025514862622 -0.0407515591402744
0.0587598408919549 -0.0600261604839135
0.0736035049362183 -0.0612228855107349
0.0526925690103758 -0.082289237380511
0.0323952832018738 -0.0936994593019513
0.0434483804121416 -0.100214202521846
0.0557226365186936 -0.0221855789106626
0.0516379637672062 -0.00389297550641357
0.0210954496454075 -0.0237303959618562
0.0118586939918795 -0.0419564016944107
0.0536671172329063 -0.0427915268360026
0.0712610575485832 -0.0284497932181666
0.062759199272941 -0.0624436684141539
0.0489704623783132 -0.0836419553036008
0.0574998463122511 -0.0301657932940609
0.0205782873332409 -0.0347835157504651
0.00452720692313877 -0.0094947516094963
-0.000553478495890083 -0.0189044416140318
0.0383760783346302 -0.00944326180471722
0.0524630998337426 0.000594139390384112
0.0605047771343065 -0.0529195685702082
0.066315608757621 -0.070025974213176
0.0670394609597991 -0.0669136550641308
0.0636014837839339 -0.0824535120875692
0.0731494173640874 -0.0867356996856429
0.0755961320857757 -0.0971043728064719
0.0867474479844601 -0.0889033097302056
0.0822814553385485 -0.0979183393244853
0.0811858004376248 -0.095386830315497
0.0714158412341631 -0.100436830584569
0.0819626509110915 -0.0982036298096559
0.0744103209728314 -0.106462226319037
0.0672380601051226 -0.112510318225767
0.0528703894370095 -0.125496756414273
0.0211011166633194 -0.101216320950015
0.0481809264827124 -0.0838858009815962
