0.0533428210576765 -0.0731521562859205
0.0556420958632036 -0.0461692551147494
0.0860112808046093 -0.0767922339289821
0.0925908076539548 -0.0892833729497533
0.0679908845542103 -0.10920880524031
0.0525691067333086 -0.165088142097499
0.0265190089583541 -0.192540268297313
0.0554596750119883 -0.166650362523999
0.0897390538379016 -0.145274409997057
0.0830571058529579 -0.0803575206003613
0.0826836226236529 -0.115318417183323
0.0695842102055777 -0.120325642992702
0.0396214337884083 -0.0840782573651178
0.0199282380452448 -0.0853936424169484
-0.0235686841424279 -0.0511796516778663
-0.021631833396333 -0.0647045849935416
0.0362812174376928 -0.057157247096398
0.0583213768397175 -0.0734650503729334
0.0769563266319606 -0.0658245870927211
0.0744160198016509 -0.0648463258139406
0.0762855761691125 -0.0781498584511819
0.0723819319703147 -0.0833347524115864
0.0436320388822497 -0.104437118001121
0.0521981759637651 -0.132768464587142
0.0709854806672532 -0.121698546171311
0.0881751295638146 -0.114760354984745
0.0961231082190426 -0.109555352017562
0.0951775064967122 -0.103836447419983
0.0914849017536863 -0.112648396778495
0.066627131037069 -0.131389916742106
0.061892287084302 -0.151628412485359
0.0835550767623189 -0.116661486422046
0.0761340071868223 -0.0393766880452399
0.0786591847758037 -0.0640951345360685
0.0561216973777193 -0.0842744246623336
0.0463104046829035 -0.0475601772928312
-0.0245379828843248 -0.0387954797015305
-0.0146436053339885 -0.0236665823853295
0.0318513912128663 -0.0360702128601283
0.0628215834507589 -0.0053560790959278
0.0835564971074317 -0.0230600920755849
0.0800034325177688 -0.0402869406035186
0.0674705056320301 -0.0135641225743885
0.0563840847570515 -0.00198476981166515
0.0551437734699936 -0.00881352823272035
0.0457061550492631 -0.0118640317837743
0.0448356325299474 -0.00372253700222306
0.0380333613098183 -0.0289964545438202
0.0308347603716173 -0.0638964687078503
-0.00219303256538038 -0.056577850295245
0.0254899967773455 -0.0588259935957345
0.0339639436174407 -0.0989790354983228
0.0572720446913671 -0.0617361604913079
0.059940745823808 -0.0680161938740983
0.0727564396256394 -0.0496893611234074
0.066111565099736 -0.0572566490374014
0.0729377847172287 -0.042319444971241
0.0491385227494289 -0.0730272311909223
0.0579113402577732 -0.0961330449627684
0.0254975324732237 -0.109524121001179
0.0151100421601696 -0.165738800669208
-0.00685812687993312 -0.0922689029122558
0.00927080654189754 -0.0885283345432927
0.0594887886126109 -0.0715468855510776
0.0698484722280698 -0.0741261456174971
0.0793688654766093 -0.0875186021963696
0.0769983931297474 -0.100384883608187
0.078817786598407 -0.0881243517695434
0.0875558690636455 -0.100377277979968
0.0880685593042971 -0.0939999647361304
0.0823240644059698 -0.124430883286162
0.0912944039201515 -0.111329106754449
0.0926265608136314 -0.108419304803605
0.088409500320415 -0.105299726644153
0.08712523634362 -0.115614167748735
0.0755792089437086 -0.130379001937901
0.0866060396162109 -0.107583572712929
0.0718109908825204 -0.119245324767047
0.0773815491273821 -0.134116187530771
0.0857517682667847 -0.115086494917211
0.101043066507 -0.113586441039831
0.102892291120674 -0.131723615406033
0.0960495386317736 -0.133733174562761
0.0367002689237991 -0.205180258020543
-0.0117672664603232 -0.226900616018997
-0.0182928284245431 -0.226207862472372
0.0449770279603463 -0.142324777738056
0.0907383549671441 -0.0967508405373437
0.0945028716860669 -0.127324116955363
0.0829256258677396 -0.1254771688437
0.081899004664781 -0.151978637360906
0.0794076531855287 -0.096497594239917
0.0956088599243063 -0.0800203198934493
0.0914545996038715 -0.102866252716765
0.0938822098318135 -0.127771122936627
0.0832522343525304 -0.100063589590558
0.0887697397502116 -0.0762302220313765
0.097998693712469 -0.0916307916506416
0.0952859742546462 -0.106642722601682
0.08876582393254 -0.10716172181631
0.0816461301948471 -0.142007829627018
0.085467090469605 -0.1414424385166
0.0797614928181181 -0.152545365320976
0.0965076813878208 -0.161355206157022
0.0929041492728248 -0.163351734122999
0.0934867748584999 -0.17901737750299
0.0901548224735493 -0.164306530242341
0.0871760131239142 -0.156429303502603
0.0927051837578962 -0.157617371280939
0.0958565080346313 -0.157074157329852
0.0946293278821297 -0.159935694802747
0.0845701642783668 -0.16292417455431
0.0885637831919911 -0.169812487143223
0.087417201978972 -0.167510947027705
0.0765072000166024 -0.171400847083261
0.0698340465922724 -0.189946495364432
0.0900446246225117 -0.157804031057296
0.0965287616876572 -0.154140578357645
0.0791521683382821 -0.169619885926139
0.0429152391945304 -0.185164459581405
0.026965175873432 -0.226964013674215
0.037533482929329 -0.192099930770737
0.057158004338678 -0.142713515055176
0.0878156056815578 -0.111601372358779
0.100722204290396 -0.082718072667122
0.088790337907909 -0.0811150952942876
0.0467779498704593 -0.165862315922139
-0.00534322924949886 -0.188045799829097
-0.0126602402504653 -0.14930251690594
0.0538686401674128 -0.0874431685468023
0.0813994050650021 -0.0771771564339885
0.085016925873814 -0.0791729729053302
0.0954401454940897 -0.11839876156048
0.0725312631994684 -0.0969573155970285
0.0737852977135547 -0.143748492895991
0.0693857434939668 -0.13377791263524
0.0549768896616509 -0.0758171474316402
0.0900421515600861 -0.11349476887521
0.0756383487179059 -0.110629269794991
0.0834929992699961 -0.123989133034843
0.0978608529723793 -0.130822558067998
0.109845344698765 -0.142135375012443
0.106323542127842 -0.121463600044265
0.104953895108084 -0.13779823286562
0.0853891927467896 -0.14575449096
0.00881663978819922 -0.208304123117431
0.0012786499899945 -0.226980055899851
-0.00133216197662457 -0.203537804867907
0.0478886960143875 -0.138620662603468
0.0871752441190479 -0.0913923657369643
0.08437915965284 -0.0812511712117068
0.0812859921556692 -0.10615049940686
0.0951864927142363 -0.100617497893842
0.0886287122940252 -0.114516002176503
0.0646802337799837 -0.17715811205391
0.0372551535387681 -0.166008459088947
0.0245596484547447 -0.115699514720805
0.0871956044111429 -0.071988912268123
0.0965213441923882 -0.0544515495103785
0.0995832790767417 -0.0693954324168606
0.0894625729368613 -0.108674455943613
0.0968638655800984 -0.10548835957853
0.0872028941973426 -0.107021482920479
0.0989660630712936 -0.071568190625177
0.0672402514316707 -0.120543670277648
0.0791893396799796 -0.101292325324393
0.0792497021111277 -0.129372629168429
0.105268111931266 -0.125913589229451
0.0937620907629487 -0.141121806741592
0.097851480192869 -0.141345142939551
0.0953124997273212 -0.16093498772472
0.0936343185169675 -0.154226064145232
0.0818474945030902 -0.148246929146833
0.0574393436832618 -0.182691531278469
-0.00324307970568365 -0.239741629213783
-0.0110388649905935 -0.235758678721754
0.0146975898145864 -0.199129693757957
0.0263983034205651 -0.18392835174587
0.034107423586013 -0.155517790411551
0.0553888078778878 -0.113709556583084
0.0721105195344204 -0.0658703040406407
0.0784703685908075 -0.0966447191020302
0.066338863824425 -0.143631602870408
0.0577970160392932 -0.162964044259006
0.0942245359772453 -0.130994576065627
0.0837421812352976 -0.136996497608551
0.0934186718972999 -0.137152864376438
0.0866058966905881 -0.145870984505737
0.0917233769423823 -0.109107584947492
0.0938990547556459 -0.112821796976809
0.09367596019248 -0.119015873816691
0.0819697909662033 -0.106222702101073
0.0789438931868238 -0.113801691632867
0.0800116610372213 -0.120305683210058
0.079660284932 -0.140697962417578
0.0681443455312646 -0.163656199484028
0.0932925905988993 -0.130129709277879
0.0945983927437713 -0.144758030274627
0.0959923453830473 -0.157531342219856
0.0959159786050699 -0.118021552939037
0.0898420849325384 -0.111108002203794
0.0874249023788579 -0.118736988021414
0.0676577633982733 -0.131579130091759
0.0475113456806502 -0.171167947257823
0.000651856449927972 -0.216052674061983
-0.133792253479483 -0.346553523736446
-0.15619322927916 -0.341432455141845
-0.2342632359529 -0.420598464716302
-0.128697160286387 -0.351292911007124
-0.0921539738421172 -0.324437873360182
0.00546777962503804 -0.22116750502195
0.0113233074673532 -0.164568916852739
-0.0149789693026468 -0.155581819002568
-0.0306541291633233 -0.0776366559997752
-0.0823907741383825 -0.111276926084124
-0.106286751320708 -0.161496052896398
-0.0985486398119229 -0.0796629497465415
-0.0333598156522126 0.00478572137821187
0.00758179895019001 0.0118129610885396
0.0125272932094553 0.0121105554249255
0.0354034094548157 0.00443060847750521
0.0666309486856479 -0.0186002133783626
0.0801468930934717 -0.0306420787163851
0.0799794020827732 -0.026238082661684
0.0788933270203938 -0.0344730957577861
0.0696276684810908 -0.0722705148633139
0.0658957376208721 -0.0731484690748673
0.0665399525716348 -0.069581447553466
0.0774679571339959 -0.0512649734830412
0.0825424800274099 -0.0460945654595777
0.0831705557679382 -0.0375335785157564
0.0834567749037455 -0.0612430255569748
0.0796851974559817 -0.0445421244902294
0.0804723418877145 -0.0631799859711018
0.0824816540281852 -0.060219757265086
0.0731477306565919 -0.0530436266262048
0.061165435875777 -0.0894964307666221
0.0643701428241541 -0.0976279160841819
0.0701276830033035 -0.0940308160087339
0.0778112979280053 -0.108397565113891
0.0811835102731847 -0.0927277210556429
0.0659533290885028 -0.0943230902029484
0.0290276370145102 -0.133277363134621
0.00932066539899304 -0.138732831964092
0.0114586890084786 -0.148852271988153
0.0686041905173081 -0.00899186073924828
0.0829713839431504 -0.00142314554575326
0.104447310147148 -0.0384815520107973
0.0649835007494809 -0.0811542859858943
0.0871529508373607 -0.0785225297841674
0.0870166683814674 -0.0889945014819786
0.0730205945339084 -0.121750543078294
0.0608417055785653 -0.117075583429283
0.045400577148063 -0.13908918388961
0.0454305925093601 -0.106700829628284
0.0306314675884256 -0.144289087461697
0.047365296597078 -0.107457228932616
0.049853788986947 -0.0549809985775632
0.0681718242306894 -0.0643843847258026
0.0690693299524694 -0.0621052957207049
0.0767491949587891 -0.0558286040290257
0.0718432383145791 -0.0752506652295671
0.00718120328815052 -0.177716677500762
-0.113531135341079 -0.340422210866966
-0.19351166552326 -0.340838331240329
-0.251854946348771 -0.363940638890402
-0.154935458884839 -0.22109712930859
-0.0480455250117372 -0.180158195415995
0.0438050023713577 -0.0486618964693017
0.0401392106623156 -0.0484158291528262
0.03533915164467 -0.0812165052435706
0.0332111929600476 -0.0962063992210913
0.0569974352645576 -0.111240982963851
0.0703912419865171 -0.124452968775444
0.0704200626789882 -0.108471191243943
0.0455000276621306 -0.066262448949991
0.0599166001617925 -0.0861818720239366
0.0538522486971771 -0.117801647599851
0.0565772131547056 -0.130349672762057
0.0642010507244685 -0.147031579991849
0.0938568985073989 -0.128344173537936
0.0712245322442654 -0.150110774997585
0.00557986738548961 -0.265882081869787
-0.113288653146007 -0.367177656893911
-0.105596010216649 -0.277693178435352
-0.0773942600975907 -0.284594214288756
0.00963221091578836 -0.1414848225658
0.0196892569140072 -0.138519661867108
0.0726305429819364 -0.099002048750298
0.0566981535824128 -0.0640967735819629
0.0818401751121243 -0.0735551650441181
0.0624640409437836 -0.0683531524591507
0.0967960117482205 -0.0795363516740688
0.0921893243974405 -0.101838424213637
0.0993490722564751 -0.108250290904705
0.0807080514134194 -0.145309861409923
0.0860388463022294 -0.13078522967118
0.0797340391930475 -0.15517072519178
0.0790907971891017 -0.114875496679609
