-0.00661715226803765 0.11292187909818
0.0347691972624319 0.0542752939028659
0.0384377892233829 0.0425561578042365
0.024410073413348 0.0636565962508397
0.0303211602058731 0.0479584263225958
0.0253560575414318 0.0837415714700835
0.0249294624423013 0.0632696303276154
0.00481579229748747 0.0142414704766479
-0.000270712210456616 0.119161979142016
0.000474164555371746 0.125020578406269
0.0208246374106038 0.10562111343354
-0.0335833335361848 0.0745814244733166
-0.0218410681859431 0.0810259324292334
0.0130283249744451 0.0696589137229395
0.0306553143724019 0.0714480531146243
0.0254398601113639 0.0887131338541227
0.0282328271960598 0.0626399681838137
0.0264306207420534 0.039505893077408
0.00869841489633116 0.0825140567315114
-0.0206378337723446 0.090751935480243
0.0216474127352674 0.135226748411446
0.024739785112684 0.124729908449848
0.0297849835361387 0.0845998552809526
-0.0341101226128384 0.0763880919280483
-0.0560526203910833 0.0295215788658827
-0.0181659343306035 0.0494460686638666
0.0227810612964008 0.0443069614127084
0.0378503942996608 0.037852828462276
0.0417053850556024 0.0633679745792959
0.0331380002086068 0.08725294937036
0.0210907094249999 0.128642037220414
0.0224310029796607 0.116955697415809
0.0155152489358817 0.148187466772061
0.0174186353637921 0.12826639520329
-0.00232315607554199 0.107417795879083
-0.00877437491147093 0.102025080580224
0.0174466815235489 0.110627782075106
0.0276298742217228 0.120705410092046
0.0176590712278778 0.123405241551338
0.0288330864017789 0.0967955781896057
0.0308945574169021 0.0896761991582269
-0.0301242160851393 0.0741635981598952
-0.00107028142571276 0.0295355049435443
-0.000618505430304725 0.0273925924224848
0.0307672389139505 0.0739094472500754
0.0210397395035436 0.0453879816158369
-0.0157846334788706 0.0871931253094454
-0.0808646312287164 0.0784199466601876
-0.0502102320765572 0.079269447888757
-0.0217378690224316 0.103503637631974
0.0270173690877155 0.0846471193190686
0.0163577206537248 0.0507959365947919
0.0101911192461648 0.0279983864305653
0.0249961044105554 0.0340071682282844
0.0196277205685184 0.0230443716753514
0.0330074665745682 0.0402511847579406
0.0442400447628753 0.0730435076570708
0.0452840603960709 0.060425869243135
0.0475299221471171 0.0593861662872864
0.0148174737215902 0.0599760668932722
0.013771912096177 0.0581284267679649
0.0136864183584528 0.0266671749415026
0.0217660187908222 0.0317447189258867
0.0404199387016301 0.0469016784251169
0.0306880947447153 0.0771227588198136
0.033382517845718 0.0843003159880512
0.0399812705328869 0.105318910547269
0.0265347682014797 0.148250883020731
0.0166642961850859 0.12733971222015
0.0200797765516878 0.141099042366615
-0.00291328757651545 0.141533362881556
-0.0142919258406241 0.161177551752585
-0.100485188724676 0.215691772595165
-0.0435042572918688 0.225158021683204
-0.0162877316297676 0.242384330075876
-0.03007788318911 0.367148632147141
-0.049788769388351 0.267999366639704
-0.0442511773289531 0.214834170264412
-0.0469602749919823 0.197456062372596
-0.0580322030173028 0.180635152733522
-0.045326528130859 0.149968229284664
-0.0379859917001005 0.159245927400431
-0.03178525389431 0.151311011791225
-0.0612545275891114 0.154935332440674
-0.152796246830981 0.13403522291142
-0.167372055656384 0.10966626235367
-0.159320344232805 0.0528613491476562
-0.0333899826444602 0.065073717079337
0.0148010319485328 0.0618788734989533
0.0381460026135301 0.0875512635536627
0.0326979961966982 0.105143801341475
0.0305115560277763 0.100831977749135
0.0306493003280913 0.0865084707121307
0.00478852307652962 0.0821447150767011
0.00255488107137031 0.0662207079934325
0.0167285141453763 0.050556753719365
0.0113272219641765 0.0488871076928857
0.0146825687792549 0.0432714634894143
0.0227011555153898 0.0510093042504005
0.02911557167275 0.0523221256312014
0.0335900948541181 0.0420117162381198
0.0314254633854317 0.030291750053311
0.0425904812759452 0.0240881937486552
0.0373675597207918 0.0477582888772242
0.0417318959626576 0.0291579875555102
0.0453750161846062 0.0353321144999448
0.0523841346656891 0.0206414628117205
0.0282315467729091 0.00265551736568187
0.0296245453053435 0.0384299794207377
0.00266928146974351 -0.00337196137613192
0.0164931902404833 0.0646310948835949
-0.0184608092916328 0.0517345639509517
0.0342912717719042 0.0973931679024881
0.0359763103856143 0.0950658542590979
0.0360871872844964 0.0813052994624602
0.0344313172035921 0.0606297804246038
0.0289168639213658 0.116388498262917
0.0226691419129792 0.15094634548539
0.0307369572277486 0.117820858236124
-0.00237154598739462 0.136864451998618
-0.0014360110089298 0.133283403687035
0.0016479851306574 0.103206274131238
-0.0169816470979503 0.0586608597534676
-0.0232378351501823 0.0475625909909842
-0.00053105651343915 0.0225074082114797
0.031964832141241 0.0206904324508062
0.0345747928495762 0.00955866716404276
0.0446308527408304 0.00725014928623755
0.0463768902765177 -0.00563043527331138
0.0533261623381008 -0.00411354232633855
0.0563137113534657 -0.00570037203578444
0.0487769861894988 0.048572872622909
0.0426541287108883 0.0387899989240841
0.0151301118039535 -0.00587702431515167
-0.0281544940973446 0.040703918834279
-0.0974017479826365 0.00712928730180776
-0.0881961190437153 -0.00936310259015702
-0.117239530575291 -0.0341952081422593
-0.0786132262984449 -0.0316745643264624
-0.0384825543063417 -0.00947769103005443
-0.0249761951478523 -0.0449018577438655
0.00619476904422636 -0.0213724509468714
0.0276631725807355 0.0257130181905025
0.0362208013103695 0.00106296155604301
0.0340752384343292 0.00367242937075269
0.0236567099120309 0.0063669626622879
0.0425831746250287 0.0104882466961748
0.0533556654590347 0.0212399591144128
0.0528057907139969 0.0252991929237478
0.0519047779445782 0.027908475954728
0.045855204061423 0.023738685257293
0.0456367440808353 0.0237135412680456
0.0449170556041053 0.0381457176705979
0.0436092532974674 0.0524905226177241
0.0459600443908856 0.0504615473085413
0.0396859820233114 0.0424201944846324
0.0293960475377304 0.0352501408432027
0.0390502691267488 0.0440842892145051
0.0403289513007694 0.0326272974968642
0.0495848981979752 0.0324574292047817
0.0444895676558213 0.0221151591646719
0.0414447534761529 0.0300307303447843
0.0371716843073563 0.0340819326779999
0.0320714968574303 0.0339390915038406
0.0399422231152986 0.0552270308758974
0.0248671100494019 0.0744162156819337
0.00625037454732972 0.0650317814747067
0.00194767267271673 0.0314378526844735
-0.00910643341250702 0.0927006984063429
0.00941611960436667 0.124614618459572
0.0156226446287595 0.109589446629515
0.00901802100072183 0.090503335315908
0.0172182154343655 0.0934840017135652
0.0207439414169701 0.090209669436267
0.023059712341648 0.0844067554056742
0.0336163920343333 0.0815613100635268
0.0323428186961165 0.0882445766561519
0.0326298499469614 0.0688529360481319
0.0228541571779266 0.0830469018848115
0.0243805902807924 0.126085546328241
0.0330497917387751 0.124612724141987
0.00240078395935276 0.089772882831955
-0.0143868443747013 0.078349679506186
-0.034426060539792 0.0412155070413823
0.0197650113354012 0.0320805825767353
0.0294249918860708 0.0410919770239041
0.0372330924047403 0.0474834011736776
0.0252664089880036 0.0533151112512188
0.0348618989482923 0.0369982727759065
0.0296560873349354 0.064935856739771
0.0268135086227795 0.106487970328474
0.0258457570981274 0.10552650951839
0.0378619244392739 0.0870204388955713
0.0306976190377433 0.0825729523530546
-0.00330699474481216 0.0859786844226436
0.00780041098901097 0.0736395647296587
0.0218268960075364 0.0660966842765154
0.0283918786790927 0.0609207868440843
0.0306794929019546 0.0712475930256334
0.0292349090293636 0.086185911383897
0.02785583702018 0.0940419800561308
0.0255380383160663 0.0861802492359645
0.0285291494427275 0.0905354605233621
0.0310958042130378 0.0945326742026435
0.0310852550151332 0.0918854942079266
0.0327034673240848 0.087919592448708
0.0175971177024315 0.0696560286164852
0.0270152960425718 0.0815706045161216
0.0139249207623356 0.0831472306194261
0.0257221626464572 0.0908343046497556
0.0309203790736162 0.0747171420359382
-0.00868105749603076 0.105278354575416
-0.00278368810681571 0.0878961802819982
0.0202147092494018 0.0732831838802156
0.0397442828664642 0.0906360670713814
0.0375067425091773 0.0925823203092663
0.0423287006258877 0.108334984792116
0.0349524285801707 0.0775017464060312
0.0161330534275106 0.0674750042265956
-0.0165891812778835 0.0341766572545959
0.0202058039689973 0.0547419971402759
0.0356951807650279 0.0696088001567459
0.0145576703873293 0.0361003309325821
0.00440059209559271 0.0256439447840564
0.0189426636938315 0.0387677225431819
0.0468927458464267 0.036060435202553
0.0549925607422725 0.0383254276475741
0.0350132657441337 -0.00439841610657305
0.0284707415442988 -0.0130530898215111
0.0268098259220098 -0.0290883895384743
0.0565826979593213 -0.0310562444663859
0.0684076145786631 -0.0155259134307018
0.0646957415826224 0.00298860109919488
0.0529990384192655 -0.0091966781521558
0.0332627546784597 -0.016205827486827
0.0040730458592434 0.0211247025125948
-0.0123160064706865 -0.00423532178908775
-0.0145417004599309 0.00427661934219601
-0.0108564536818343 0.0301195160374966
0.0353706392535141 0.0602237748298299
0.0344606430031995 0.0711325840414454
0.0328605050379865 0.0554717641311933
0.0232781395826418 0.099493012481035
0.0122163845909206 0.122403951405898
0.0210216903744373 0.121620275068731
0.0165419789767983 0.1409536490667
0.0137565289592396 0.133666227340131
0.0166474646952437 0.133996583373049
0.0128532645639122 0.135124809348452
0.00423873150370331 0.129651162811423
0.0057432673826081 0.1156439250102
0.0113455421437733 0.114458370205293
0.0193172032536402 0.106647374079789
0.0201727753099782 0.088105213060303
0.0183947018090042 0.0869045180321914
0.0220605577347708 0.0834610938186955
0.0133774489466741 0.0762619995972115
-0.00102251634750073 0.0656423497611328
0.00231069948943489 0.073095167495509
0.0140935608659278 0.0802333628393149
0.0307146498183838 0.0837313426995084
0.0370894141006881 0.0987902158970335
0.0338241727725195 0.0880932547104188
0.0383294521104989 0.0927736991677771
0.0247226872952563 0.0856924583981731
0.02077837953455 0.0773232177888206
0.0250553575796055 0.0792629283399161
0.0151892397317467 0.0796618890615452
0.0239279754211855 0.0780479668734524
0.0175880394199927 0.0569373858722015
0.0312096933814176 0.0590223474088152
0.024103842321332 0.0744829768949171
0.0382248177969548 0.0676777896163436
0.0343740146254913 0.0480644248153436
0.0336955535923577 0.0683665715839594
0.0328205190641559 0.0708651135000019
0.0425260825652429 0.0621814223503638
0.0254512519561307 0.0368031028430105
0.0132440581641703 0.0131402773900985
0.0322164006743044 -0.00207508064390033
0.0349508937987148 0.00448051667573184
0.0328309187407975 0.0123831787082721
0.0369732548930407 0.000316143773002673
0.0311914525913985 0.0975253822763761
0.0232754703727882 0.108508396913812
0.0262922359093284 0.102404142703416
0.00771521936848624 0.0655515064650871
-0.00414529074100737 0.0603919258522633
0.00435452029564534 0.0654043585695331
0.01756135884206 0.0523361155397168
0.0349768116963736 0.0609372241616733
0.0324652102228342 0.0511216712924761
0.0421623172342675 0.0481807732910191
0.0373872505209674 0.0438726912819234
0.0361512325026501 0.0470229045849244
0.0388384877126782 0.0449317433279473
0.0551272171358097 0.00185514748381064
0.0557678133860014 0.000173390715676074
0.0523711688643715 0.0147478173266968
