-0.00671340690623225 0.215801981427793
-0.00505965654138064 0.200224827940386
-0.0102556326456084 0.196479776244623
-0.00957771083456762 0.194483030225859
-0.00481140522224921 0.218910540399148
-0.00333612177411065 0.261038403226529
-0.00211185964753097 0.240268411309124
-0.0123315797972821 0.249298179461088
-0.0343166978649657 0.238362553951465
-0.0272461731685016 0.230675531291479
-0.0226035642991683 0.257914989214614
-0.0195927699791737 0.272441010973153
-0.0157245343166555 0.265561517796824
-0.0209151877145511 0.243021810420434
-0.0234888454773486 0.234350137326936
-0.0440061639231945 0.219690260177421
-0.0593800227377346 0.233745081996738
-0.136969133863451 0.134552571089125
-0.128996389553677 0.175933121597366
-0.101616291272779 0.290816987081897
-0.105238173253541 0.490011638511785
-0.12043137377983 0.461274770708632
-0.124555228481919 0.422391705567724
-0.0827555412728282 0.514324263563565
-0.0636418739598192 0.518006456679933
-0.0751421150262264 0.490615148573657
-0.0783669211134714 0.443781579263158
-0.0754410708544471 0.442034836550141
-0.0706345770744821 0.431956870274139
-0.0730548289750853 0.431188981281495
-0.0677449053101445 0.426219447740735
-0.0887879047174767 0.358650601898086
-0.105222475084085 0.339393296607557
-0.171666069585787 0.324682861649961
-0.139034069604845 0.312186048663364
-0.122443207832958 0.347711196914542
-0.0666132896583771 0.5762431716131
-0.067023444771589 0.568883464168542
-0.0572044139747862 0.521745367917032
-0.0683346221326881 0.425577698500801
-0.083953765823192 0.299331591190671
-0.0847694563550866 0.29219806815814
-0.0675705102191049 0.351512937096486
-0.0429860565673295 0.33163993088723
-0.0547193793960364 0.36968702262697
-0.0918926995578726 0.31585772376402
-0.0852102229005919 0.376443987131809
-0.115347973244657 0.392317929933726
-0.0511278450341635 0.391516237215384
-0.0325970295803475 0.342574102171462
-0.0467567888192718 0.411852631235323
-0.0575444439848401 0.365040647309512
-0.0466698842193319 0.285460259543447
-0.0720681955459938 0.367040673801658
-0.0563634638367305 0.372549957924466
-0.0383007850723094 0.356871263184326
-0.0407747707203291 0.334823951013225
-0.0581618202139798 0.344241856937171
-0.0639093720191436 0.338250056603424
-0.0537959608178555 0.335293189638052
-0.0468008001868702 0.33738033196793
-0.0463014434493799 0.335339174971926
-0.0503354668424095 0.324049401569233
-0.0513524223171765 0.32584263915538
-0.0725442305508766 0.298395178613671
-0.100090843247954 0.276146119701463
-0.0872766387183268 0.279091201187233
-0.051915936628257 0.289473873579198
-0.0298028879998753 0.2891813988486
-0.0385055147133239 0.294042130781551
-0.0475254407395395 0.301559679175686
-0.0467989910949034 0.283229339536128
-0.0591291366248123 0.287185187806363
-0.073174933766144 0.308845235145779
-0.0478177938084216 0.326587043571559
-0.0438430142252047 0.32165303056171
-0.0393458367283026 0.309842697287229
-0.0633505635544607 0.292909989436035
-0.0724973522774778 0.287708728970695
-0.0608065637984452 0.288459687853195
-0.0577553574995181 0.32536140871363
-0.0662835159956504 0.366489285336615
-0.105387224583293 0.320091389650643
-0.0941313640139479 0.370539709348316
-0.0845274655622278 0.398921128975882
-0.0903699780459733 0.444111461496944
-0.0948178023275463 0.403339642845845
-0.0743175285633104 0.37277414131917
-0.0633470025625727 0.344452700871201
-0.0491616308554167 0.398914586590332
-0.0433435184014204 0.347780747359915
-0.041547987275581 0.324128826577697
-0.0445202102777708 0.308834376139144
-0.0420941421859255 0.320093262800933
-0.0437267718180419 0.292747175327992
-0.0343092803247993 0.271719623818867
-0.0364751925755777 0.314594275216262
-0.0339033913105666 0.299285197016345
-0.0428175818472023 0.295640305425525
-0.0421020169687886 0.272488597829883
-0.039190035527291 0.263996414911033
-0.0609148530700377 0.264493249957591
-0.0321227309702277 0.267893952327297
-0.0364126295851287 0.353732553995656
-0.0665606913154198 0.391980651794025
-0.0555755659397313 0.350697966400035
-0.0835169058436771 0.329871431641084
-0.0887979641859297 0.391441520782557
-0.121089222442356 0.344678089910237
-0.101881731596162 0.396979657598512
-0.110111546683989 0.353303968746425
-0.142540771618778 0.30339836747703
-0.163976463176263 0.158282765976754
-0.0988803622332875 0.0904334181257735
0.00897963573323768 0.0466497303536832
0.0421858730303347 0.0161478811736623
-0.0529962294924131 0.000833507210255466
-0.0949412827361581 -0.0132377995806001
-0.0121273596190934 -0.0315649297733873
0.0379380014874367 0.00654807343451744
0.0528786818905296 0.0179854303047277
0.0448814994527783 0.00361280105196386
0.0521842710856172 -0.00562808617288333
0.049843641112843 -0.00528220495038436
0.0481930622860524 -0.0120564375186355
0.0494815739823032 -0.0172239605475959
0.0529633917833038 -0.0120096403233629
0.0543555823442725 -0.0149267388122076
0.0557032240412512 -0.0184449528332764
0.0476804743863466 -0.0367533949302753
0.0448886885612487 -0.0443962866503019
0.0433473238964305 -0.0559593550997731
0.0604542632828911 -0.0624689132506126
0.0659851316602328 -0.0607703510463317
0.0718690579863233 -0.0637581883543961
0.0725939434283228 -0.0785302655704035
0.055307011108572 -0.0597206676601865
0.0544246844624454 -0.0651229172748814
0.0556307281598451 -0.0789864744635469
0.0518224725091355 -0.0886266049284232
0.0539593878428407 -0.0829368896491577
0.0695450890640483 -0.0854105387176116
0.0815708216574719 -0.0789508528575333
0.0795358123180386 -0.0805388629970898
0.0805420375723229 -0.0819666040779221
0.0698015948570938 -0.0991105249279707
0.065530816517035 -0.110350917058181
0.0607679626870878 -0.107201295142344
0.0685590530641029 -0.0807045603477921
0.068458754418313 -0.0787865404204463
0.0770681712653374 -0.0657931578138601
0.0747955441286816 -0.072423066833622
0.0708278793810822 -0.0845121588964852
0.0697328443283158 -0.0844719388249732
0.0768488937101566 -0.0636669682831086
0.0802879233834727 -0.0564348081113991
0.0731769531768355 -0.0644758034433315
0.0757485053392364 -0.0679544612070976
0.0747338973248071 -0.0687928916411168
0.0603928936214939 -0.0459637233368875
0.0657700215710736 -0.0487674977149756
0.0755652849372131 -0.0742681123314037
0.0719026320373393 -0.0490627487769236
0.070924228382546 -0.0416597308650242
0.0732989203157872 -0.0621537008329483
0.0553476233599634 -0.0336472450405593
0.057822572134425 -0.0226958355388173
0.0672268376081418 0.00407640406569843
0.0585751504408594 0.0310608853109514
0.0327936418602155 0.00951955586115034
0.0291215444239947 -0.0162211100795134
0.0145390239846653 -0.037722185200768
0.0469352086250094 -0.0358655703473944
0.032099633430054 -0.0202534836349269
0.0437221767338606 0.00613899997470771
0.0470965032292515 -0.0115022934252005
0.0297311814271376 0.019946719638316
0.025090942417968 0.0130158013791525
0.0563422106108712 -0.0181865290595002
0.0593418770358301 -0.0268919265352517
0.0624266102586095 -0.0195131961106034
0.0624635768279737 -0.0120305514363776
0.0632981520116361 -0.0289629024945465
0.0611035432822696 -0.0152398893885319
0.0435079703577281 -0.0089134813811922
0.0409635536946161 -0.0287630235527575
0.0348726375566103 0.00634042579469899
0.0216667605214029 0.0219863091670011
0.0203302209535893 0.00496022199621042
-0.0572706941470478 -0.052242836652461
-0.00385478760205822 0.0227533252744109
-0.0408646922484643 -0.000282770894087819
0.0350364164461017 -0.0103989574942726
0.0101157665978893 -0.0144330015698621
0.0390854174589191 0.0449282364077723
0.0338207507723645 0.046472469157296
0.0185767366392329 0.0318319309760061
0.0204342640834156 0.0197322246232341
0.034279821576932 0.0491585397573716
0.0272854230321591 0.0706519540701971
0.0416527083455892 0.0867515772257018
0.0242938385130892 0.0581300649857403
0.0283377028588102 0.0514840129361604
0.029941902204521 0.0428706038447176
0.0448748559359397 0.0538966114918722
0.0480113470493364 0.0573459956889019
0.0482956970608521 0.0740180269005622
0.0440272815990896 0.0569355835177152
0.0575704758505385 0.0456906864991361
0.0470430526530866 0.0672687403177744
0.054268441363514 0.0404745891763835
0.0454010873470319 0.0453944262900976
0.0394325670673575 0.0465652688295381
0.0416370371528252 0.0494027867019974
0.0329074036855979 0.0370176802710446
-0.00590297994149098 -0.00700135561274786
-0.0153440723526271 -0.00796542561491373
-0.000752624188136391 -0.00973851433505228
0.0330939399455688 0.0168519914450853
0.0370460281274538 0.0271328616966392
0.0228834539809066 0.00386377521667959
0.0317607205523721 0.0441032589971691
0.0410816904608879 0.0522046872673251
0.0490169219547234 0.0664673767635811
0.0503519161556712 0.0890125402355181
0.0416655925431587 0.0917525320500397
0.0390990574894658 0.0789120717922407
0.0495053260033041 0.0609816537181186
0.0334224339726456 0.0525681299938859
0.0144681731491304 0.0416363534687663
0.0130484673448721 0.0233269757298454
0.0415913105122599 -0.0234511343638335
0.056381973119046 -0.0869491045910014
0.0578831414837174 -0.0981977379031192
0.0685547342013358 -0.0846971407599134
0.0643804186449413 -0.072645543311847
0.0633809626509778 -0.0657152174678261
0.0462462508621209 -0.0967023704711094
0.0618502369261516 -0.06812091898654
0.0326639975422484 -0.028503144899864
0.0370960363544504 0.00864175224875189
0.0156498884250572 1.2822218015282e-05
0.0404739639774411 0.0522190916340345
0.0477298761809674 0.0479662650593394
0.0273064584133572 0.0343160898065864
0.0108672162947868 0.00347919714842258
0.00913667087903186 -0.0175744372004397
0.0302651542718729 0.0253500745302319
0.0220390945392535 -0.00777212787667465
0.0379751691600851 0.0251019628400595
0.00894300791674049 0.0425438645708519
0.0554844415827091 0.0652579033188474
0.0450801696603611 0.0660601631314745
0.050896240466226 0.0548426560165586
0.0270680097969999 0.0530475103611955
0.0189488327860985 0.0373116897528538
0.0245709664169067 0.0306565423879464
-0.0234248351959494 0.0158189712085854
-0.0518495184974731 -0.0223582000406997
-0.0527421417510788 -0.0563390091576619
0.00206224787733967 0.00760100224626346
0.0387538495278946 0.0057143003612192
0.0401109497914301 0.00761251164816054
0.047576728959371 0.00368482649354618
0.0511121000518457 0.00105842811978547
0.050177601236021 -0.0013489897492017
0.0435302226125143 0.0135024413623149
0.0527129681099414 0.02358783243537
0.0517811822364473 0.0102980774123066
0.060460637218319 0.0454982245711694
0.061173422688662 0.0453652829980088
0.0653927151867941 0.0294198996572562
0.0442615378469112 0.052708193388764
0.0348504894577438 0.0635816467535948
0.0358309786829351 0.0464018031600592
0.0256653634349677 0.0296973487298895
-0.0245215361700857 0.0536944531474135
-0.0381794381564298 0.0678244175417601
-0.0382728747882136 0.0507312025019712
0.0179519384546624 0.0732204504413083
0.0136407230903843 0.0867198294551084
0.0019964574594034 0.0810199365742285
-0.0256834312469493 0.0599712288464297
-0.00730800153418738 0.0149808583424024
0.0289912786329523 0.0220181278163179
0.0403585941694472 0.0175045116494283
0.0472957412670924 0.0128570412100609
0.0423974511001795 0.0152979636126121
0.044481886697655 0.0173299049001616
0.0521005517265315 0.017943759901773
0.0505204481074949 0.0215361763255473
0.0526857530443349 0.0239157041880292
0.0484551500794871 -0.00184217991530753
0.044696613573413 0.00747861795743054
0.0395452942122583 0.000969199822079321
0.0367391702075193 -0.0259619840249548
0.00173079347247088 -0.0686839401647192
0.0363890294598661 -0.0180232060085574
