0.0172326044743093 0.166645425742395
0.0159727151131042 0.154471560577834
0.0378682132775218 0.111673388356093
-0.0116902420532866 0.104917793206019
-0.0574340728153217 0.0922851580223028
-0.0221808925944411 0.0882056557020577
0.0125898054389713 0.0999598393595419
0.00694856939548823 0.115531191695014
0.0106609919183387 0.110629462548734
0.00561723215742549 0.106389160817885
-0.0219987939676839 0.105982563281264
-0.0174054765168466 0.119085548947561
0.000991824554485604 0.115669509898089
0.00946034340995462 0.101531432569996
-0.00569501516390369 0.102044502451781
-0.0234648509014513 0.0988559298361911
-0.0365608973892694 0.129600211969225
-0.016096729908989 0.127776524634852
-0.00168445045212247 0.0909974601192681
0.00388788293837005 0.120460898927503
0.0066664288914622 0.158177857982442
0.0121930708165641 0.180462953428314
0.0368553797443887 0.197475309652287
0.0476764797804395 0.161424287331205
0.0489729491471112 0.13601513447483
0.0264962617694418 0.0907554796029685
0.0273731888682501 0.117728418221602
0.0338885576234145 0.111625607755807
-0.0431631087686401 0.104678030409134
-0.0380343781885716 0.117490892687337
-0.0315118727827386 0.152746907752701
-0.0918806488943537 0.420308740246616
-0.0982148677601749 0.393872542324402
-0.102741804849079 0.299991140281822
-0.0974537258049449 0.361975534644178
-0.0764901501301762 0.414211679932024
-0.0765958604201963 0.435239462462158
-0.0777705465325712 0.435419875761121
-0.0592212358746892 0.370066818877896
-0.0961112813426157 0.299035094569547
-0.128892080836342 0.279536592573792
-0.0919431319459721 0.287147388349085
-0.0335327052744315 0.322726449618007
-0.0498132204147425 0.375335548330874
-0.0783635745522014 0.404350114759214
-0.0853046431108961 0.401595874293917
-0.0819899280757613 0.399605925144075
-0.0939656046359988 0.403501355604258
-0.0898817657429276 0.386969472994525
-0.0922763886327949 0.333977082229518
-0.0870616611676666 0.336677216992993
-0.0633116774074211 0.344087038040365
-0.0415617072531775 0.352489268295412
-0.045314792066587 0.363409209233022
-0.0540372796770972 0.317020033034847
-0.0514351761008737 0.318052016277044
-0.0725196294163598 0.322661322908532
-0.100335906832056 0.304637796183094
-0.0689791247070715 0.340986127003778
-0.071472597462238 0.402920315112868
-0.0480353691890429 0.393894877301521
-0.0599613026621953 0.390923940510012
-0.0558679065414708 0.348510108400424
-0.106971812283363 0.3094588501973
-0.188191875607015 0.165991816788958
-0.123113048724535 0.259676763024819
-0.0879189556260245 0.358417446229778
-0.0543988760690803 0.491730987493623
-0.072822564419304 0.460533400601152
-0.07813233373656 0.389571297448404
-0.080264111273273 0.428122891019426
-0.120802470150024 0.414645309090832
-0.0926904301258163 0.383694007876728
-0.123526095558757 0.368365328805989
-0.0896665541948305 0.350153905956012
-0.0704071195679035 0.402690501039013
-0.0695973214332943 0.365489378198861
-0.078933557079258 0.39428922390873
-0.0897716326596491 0.424545594111996
-0.0893404505800399 0.404981659108886
-0.0863281780981717 0.416939588664094
-0.0982608582258752 0.387831818419836
-0.0866813223726023 0.412419478691845
-0.0975776217932959 0.396900619714253
-0.0840418744987455 0.388837382933552
-0.0710325242968705 0.383754452242278
-0.0494500517164487 0.366873034871543
-0.0505894117296482 0.358853020608178
-0.0546255240591487 0.350613145108388
-0.0650496952914582 0.383295351988868
-0.0687200278904962 0.39852782336312
-0.0601226604942742 0.403659858622554
-0.0692731968684649 0.431640281288602
-0.0781808215354576 0.444103309284632
-0.0890207406507671 0.409339669539699
-0.0736424494269204 0.437548175255565
-0.0836471956209493 0.416281695929785
-0.0797164642368398 0.430145895008515
-0.101003720209415 0.390793008284977
-0.0765085657146418 0.451860598584185
-0.0998806697442482 0.418918069200319
-0.103731224633206 0.449947318476625
-0.109465619042547 0.395278521631023
-0.0882765087439821 0.460662944124912
-0.0865820694850992 0.470771036962883
-0.0853791324580474 0.445059611671124
-0.0960879776280813 0.421548976110167
-0.157488951184897 0.349206761538414
-0.140583621410268 0.383158064192613
-0.120456137349632 0.44984262798566
-0.133363134859409 0.595604049815685
-0.135807953674356 0.570800292231216
-0.118666151106814 0.54494758586486
-0.141501521304063 0.493683409185478
-0.144644538226714 0.495000237516151
-0.137031215683391 0.503900717088907
-0.119280226990038 0.527349941890329
-0.108176240582494 0.542535927953861
-0.105166341113149 0.540695374473103
-0.108337637633294 0.516265545315248
-0.10837297012294 0.502101604512747
-0.0952803509029162 0.497667766775059
-0.0860408008349224 0.512482423271453
-0.0975991633621009 0.494337586861705
-0.107654413354103 0.48408006457271
-0.109463470573628 0.439443409157972
-0.114905696262839 0.451674719027861
-0.114425590370671 0.43321981363291
-0.134464811048102 0.485472230084045
-0.0587190645965542 0.546385388157529
-0.0693805891974938 0.598135067311368
0.0250525965670639 0.102788320791195
0.0300204739084259 0.00494404865229978
-0.00577673607657151 -0.013821125471651
0.0248689224796202 0.0421136760730976
0.0396047112245206 0.0256565753462574
0.0484566347585224 0.0323872339088535
0.0384689330688203 0.0324298069788096
0.0325904275721382 0.0132367316844228
0.0286622267681327 0.00886321608195976
0.0284301657331194 0.0193331381357996
0.0478851671069194 0.0419774318147162
0.0591259010443422 0.0394522358214046
0.0807576278033532 0.0317213725843055
0.0720322260341142 0.0382396189811026
0.0766417464828054 0.0173214463638352
0.0385519727237203 -0.00804409947999964
0.000154854888178136 -0.04799040346845
0.0118866965050532 -0.0439935558718769
0.017822122230777 -0.0361809398768334
0.0604838092095509 -0.0139718983760419
0.0671902383326887 -0.0143676544293121
0.0681604270766735 0.00700541854319912
0.0455888791162205 -0.0143517328209897
0.0424336843173904 -0.0174854313290608
0.0354498739430365 -0.0219260206312518
0.0358615185942008 -0.0226633980400524
0.0195329621864733 -0.0370386274873744
0.0270165026507063 -0.0202948134964259
0.0180726275000122 -0.0033799125604368
0.0319439141722992 0.0258026144462136
0.0379822586999665 0.0417347900673768
0.00584463193596921 -0.0246124748351318
-0.00822270595973948 -0.0396818863872329
-0.00698635892218431 -0.0263611281623806
0.0322373444124569 0.0525119774031906
0.0384390138992813 0.046815998747794
0.0429165939179251 0.0521860750197446
0.0438489535994784 0.0516667923443396
0.0569112693079459 0.05916904845095
0.0300101767366776 0.0300808991979175
0.0207999761784338 0.00691110535417842
-0.00832330110660815 -0.0915371331684869
0.0432962441837415 -0.00365421234939256
0.0586371863974575 0.0173747269634565
0.0564879371194223 0.0234670288541778
0.0594109929341821 0.021720284324955
0.0484079475705054 -0.00790565393496738
0.0133388167368844 0.00454847169416533
-0.00143836346172265 -0.0122773702907854
-0.00636924343385825 -0.00586937186935178
0.0173017624244353 0.0125665343382442
0.0327977753525091 0.0111684886268663
0.034352125040286 0.0442814894448003
0.0350781072839632 0.0406167725306718
0.0377812730044137 0.0380788056009076
0.0395141798201302 0.0446199568507237
0.0396413750545 0.0353955457932615
0.042238374586025 0.0297604831274404
0.0463801861064106 0.0344874255856335
0.0476263898040551 0.0277668032096726
0.0466523621468728 0.0169317093285593
0.0436044504214056 -0.00284147284966771
0.0493016687555662 0.00472011422812328
0.0568027637211568 0.0167085583798656
0.0684128010564953 0.0302004399873851
0.0763549152979838 0.0442175947975773
0.0680373324934749 0.0654894280458328
0.0601986427847867 0.045060856770614
0.0299629192151394 -0.0316475190269296
0.0153125929690792 -0.0582049112412381
0.0322499135163367 -0.0567799561805998
0.0498527272964036 -0.0166604556079631
0.0460901737076435 0.0157271352619079
0.0457612037933325 0.00471228515537738
0.0622476108522732 0.036971732831539
0.0465649986577292 0.0735412903089476
0.0387168427284019 0.0320375705766642
0.0193182541611186 0.0117018451770723
0.0235880017782854 0.0223722863215067
0.0344989626596483 0.0477651118497824
0.0363818534566572 0.0245608815780288
0.0353784198589392 0.024936643069482
0.0310227032857966 0.0175708971057586
0.0403258790586422 0.0409814588778493
0.0316640902708007 0.0127510981966202
0.0297908836661704 0.0198901592842082
0.0281813846581376 0.015263637170379
0.0470569294211286 0.0201702480424027
0.0466265444651367 0.0217189263998348
0.0431657155074992 0.0285211194229532
0.0220119018444369 -0.0130159079563784
0.036751460133428 -0.0109085748909279
0.00820688820622972 -0.0578297082890004
0.0156415402256806 -0.0244569130297253
0.0114890834108063 -0.0341621706657033
0.069460142638074 -0.00395926467893355
0.0588468611623037 -0.0453370362005745
0.0538808436486111 -0.0424432187431809
0.0193129592912276 -0.053146230396165
0.0422484500916783 -0.0192661743525752
0.0534805420375855 -0.0124220600561038
0.0461027469985621 0.00428958349500101
0.0606234661698818 0.00285658852961079
0.0460341958180614 -0.0138506450757621
0.0468380835760251 0.00952138375617535
0.0382770557968125 -0.0398934001610825
0.058384071484062 0.00546359356035797
0.0578118408284795 -0.015160777771376
0.031626297413212 -0.0291259193822162
-0.000588320137613939 -0.0649165763534793
0.0348349753167627 -0.0283104436466654
0.0688755159626857 -0.0296157947685182
0.0753945336558662 -0.00764626318920994
0.0607536849338455 -0.0177574220327307
0.052745495550159 -0.0226813144228987
0.0445789490639409 -0.0242760263952064
0.0353981374910563 -0.0194529466369743
0.0375356350875012 0.00228565946940233
0.0258260285859168 -0.00790091452567258
0.0274218134751592 -0.00350289452687037
0.0332593672398799 0.016234777711646
0.0556022562868204 0.0294359755876161
0.0632101526109372 0.00851236804952355
0.0581814794677648 -0.0279047496705594
0.0539025459482391 -0.0237017044105208
0.0448187485413537 -0.020117909687971
0.0687689941568989 0.0412627278551947
0.0827918592621387 -0.00500480401351306
0.0716177551321567 -0.0534120815636816
0.0610961421838634 -0.0124714236800938
0.0726443804331186 -0.0369044971951164
0.0784453421263404 0.0209797394708104
0.0534147271462597 0.00906251834040901
0.0584425680248614 -0.0309798944568632
-0.00741542423239232 -0.0289454185239878
-0.0181767800106301 -0.00791294860808449
0.0168906387983106 -0.00782803423289804
0.0478244428343469 -0.0357216361741302
0.0663626179832301 -0.072306201449957
0.0580818493262614 -0.103425019764886
0.0305017370727172 -0.117978782525044
0.0278535320790725 -0.129821710234172
0.061302499880538 -0.102173415230593
0.0459613263686342 -0.0447189566971593
0.0546610967951392 -0.0422439575066858
0.0276125541268931 -0.0939145266864661
0.0476104416733094 -0.005517975543533
0.0360662857669623 -0.0525870541310493
0.0357974757250787 -0.0243846922252006
0.0408529591031421 -0.0224140286732184
0.0491797376150668 -0.0152492921358282
0.0472913959572642 -0.0332476412530466
0.0489790585250187 -0.0221351406295715
0.0435035687777186 -0.00409299353023605
0.0468812239534316 -0.0155681866513145
0.0394784752685692 -0.0119754761096196
0.0353913023108461 -0.0106129654094739
0.0407396173508924 -0.00958366200582395
0.047336459848603 -0.0160207463336015
0.0580396117613382 0.0259415066222933
0.0457093476339089 0.0249266561327273
0.0655915520227943 -0.0843661298883114
