0.0699733350040206 -0.00577389880106164
0.0718137175888556 -0.00792299703562106
0.0645408987169823 0.027115851921874
0.066890538592002 0.0212437333643778
0.0532075704624154 -0.0059966672792969
0.0517845619300517 0.0342342604306444
0.0523439369631648 0.0275298290971043
0.0469002223387382 0.0283544626856181
0.0405731588246353 0.0486525688458156
0.0123556626017127 0.0374922927641792
-0.0850005990701476 -0.0585563177642302
-0.0799915637859286 -0.0586216170404323
-0.0653922915256799 -0.0611168155743029
0.0798750719685951 -0.0535490955417505
0.0611261101306106 -0.0604208387960029
0.0326838769294927 -0.0312065722299433
0.0307132128756715 -0.0268698886214318
0.0424254285910251 -0.00799679273749351
0.0493040560416626 -0.00395187765312665
0.0521800658395865 0.025983751983385
0.0495139690049971 0.0292845807458355
0.0401480995115082 0.00986624526180849
0.0349656163584523 0.008113515418367
0.0322506692735758 -0.00332342227767862
0.0406853861348928 0.00447227593650498
0.0433056829841859 0.0199624070160139
0.0455012958820794 0.0470000193101731
0.0513061932134439 0.027454262379901
0.0668909356498543 -0.0142550055609315
0.064781396212668 -0.0245902474757508
0.0713138198883732 -0.0123133144726644
0.0565492379863939 -0.0340428603507062
0.0450408846310161 -0.0408554817352438
0.0318796183438874 -0.0379555579274584
0.0623854280922898 0.0222107282627716
0.0704742967670774 0.0369287368196449
0.0752740406915169 0.0287546720370145
0.0563887720913893 0.0364549152348891
0.0482209118857273 0.0440678338104615
0.00447028312879901 -0.0148658439750437
0.0316919163417872 -0.0253956543448776
0.0105327124368574 -0.0467225310525432
0.0260767128651361 -0.0101313436696508
-0.0125910642286092 -0.0630104492355017
0.0333296567625955 -0.0873096782868673
0.0246272161403613 -0.0895806443996748
0.0592417062980517 -0.0592409887803131
0.0794034507375917 -0.0636186494002182
0.047889307832261 -0.100838528884451
0.0167456847175944 -0.105637162269007
0.0364374359393762 -0.104198079564254
0.069719685685268 -0.0678811343301312
0.0807477110016234 -0.0421964540963672
0.087999289266872 -0.0413028987023712
0.0832166603533709 -0.051678813960924
0.0398138054438226 -0.104386504878573
0.0205629857046901 -0.107019809902111
0.00270872469833572 -0.158485284338233
-0.0483358946852313 -0.186312659270477
-0.0208473204628536 -0.166736518578862
0.0795683825267357 -0.178252693508398
0.0320782186957039 -0.131616324652121
0.0171304997559844 -0.161221724507814
0.054124648580639 -0.0523529988369634
0.0628500732238085 -0.02236852193198
0.0576518572019658 -0.0401626035314451
0.0667442371576085 -0.0346135756874831
0.0697553844467569 -0.0377061574678294
0.071233655851633 -0.0557443279809078
0.0737743734097087 -0.0595138636204734
0.0749667052257595 -0.077038624134496
0.077785417231543 -0.0695558327282065
0.0801980519640191 -0.0788020448472114
0.0734301617301138 -0.0849350153394175
0.0563506272304417 -0.089026039331852
0.0382147602771708 -0.09449675516179
0.0311090131211418 -0.0838189951569607
0.0117324694828478 -0.0867520090354718
0.0431198815272 -0.0490608576861298
0.0683313232454212 -0.027718156937484
0.0783440814842227 0.00692713327198454
0.0739159754934267 -0.0166260106422156
0.0685514013104523 -0.0653876749886678
0.0739149453305173 -0.0600077936050282
0.076024093380419 -0.0594022082105524
0.0816618439386521 -0.0668276336218468
0.0727827933913241 -0.0719775610442551
0.0521591228291903 -0.0778641045138188
0.05522022068281 -0.0723370085214357
0.0714447068091433 -0.0241165389576193
0.0798883769295097 -0.0246786803002128
0.0796454303629725 -0.0124074296265757
0.0404790817625566 -0.0380628485241276
-0.00829195730037847 -0.142182457635206
-0.106315881763217 -0.215298089947439
-0.157023646303038 -0.285589325894718
-0.103833804301724 -0.253463542095939
0.00851384444904025 -0.201231135345427
0.0234796290567219 -0.179813066065283
0.0497900184101188 -0.0871879500209964
0.0361735049341922 -0.0845147347744922
0.0380105787250776 0.0258702365232631
0.0431865587694708 -0.00128206927106042
0.0458285700236899 -0.0185248934220279
0.0505980005260318 -0.0238803998430626
0.0598387239763496 -0.02236240008785
0.0624391000052047 -0.0424285829634796
0.0652180340888287 -0.0476634193769827
0.0505475322222214 -0.0531570029971493
0.0596524284855158 -0.0472863748222256
0.0623689147471146 -0.0482382645414448
0.0642325753734434 -0.033095884490916
0.0647030762056826 -0.0346517970908032
0.0701873141627297 -0.0355828570563712
0.0598702298874838 -0.043796935614593
0.0309269469758631 -0.0601407768792164
0.0225363175420764 -0.0532055957121699
-0.00392117371150893 -0.0338770335798544
0.0215197092398184 0.00289203797592165
0.0499163707841192 0.0196365814446382
0.0500388329527726 0.0438731819568489
0.0660939566028996 0.0308890311104665
0.0747880545239775 -0.0234581672490698
0.0851110519558353 -0.0127381518233392
0.0902718434684168 -0.0398216103452254
0.0901746656303031 -0.0702182437073728
0.0634769142083626 -0.0580482810063389
0.0506078743429617 -0.116882098314605
0.0522672542693066 -0.133405567172891
0.0078694077028818 -0.109496993636765
0.046176207247871 -0.0688290251420537
0.0605274650007176 -0.0830217556953657
0.0704209318720298 -0.0845839948687137
0.070351572198189 -0.0853527774510555
0.0755092410536646 -0.0731757904134219
0.074357754851439 -0.0774126721039154
0.0707932580480951 -0.0870467425770652
0.0713013371282841 -0.0857813535024044
0.0663194371607866 -0.0862486939882356
0.0714476729181872 -0.0834408424795021
0.0778278029011392 -0.0796223529256536
0.0791787850864975 -0.077467353310612
0.0698865681893749 -0.0853804870331564
0.0566494715874471 -0.0873288501414532
0.0576068063392007 -0.0772204405929412
0.043908251661905 -0.061464758534148
0.0308334504968535 -0.0455728082393679
0.0102274485951407 -0.0561737020096602
0.0233047962881065 -0.00378337862376116
0.0319833874107842 0.0206823480185098
0.0366311830054939 0.0723778246442888
0.0439458236779216 0.0484753881596805
0.0565439627107115 0.0426130819611745
0.0553851132126516 -0.0247356986819486
0.0531881401131137 -0.0554281879060344
0.057909115946467 -0.0462411234313446
0.066819991922292 -0.0323275457441876
0.0662136785851603 -0.0407242563169259
0.0680785418141928 -0.0286339422839711
0.0705444290475486 -0.0242070620738784
0.0789660998476744 -0.025294366757768
0.0759164224887736 -0.0181226128457253
0.039855249966913 -0.0167335152416978
0.048694749144244 -0.0270672647830598
0.0574957710100876 -0.0478144782855295
0.0609327400685602 -0.0566894860746426
0.0624745688256997 -0.0551319657005843
0.0668178743251232 -0.0593658332795425
0.0636007936654116 -0.047057700470198
0.0668354184377313 -0.0366176810624482
0.0653402751177213 -0.0441333761546368
0.0641330513793477 -0.0382159287203325
0.0361911247985305 -0.0655141746594098
0.0373955675310761 -0.0689129117048074
0.0443854134718113 -0.0553132482338444
0.0639739532481916 -0.0177300375027772
0.0531691716263622 -0.0242185332901287
0.0219797573842803 -0.0429076329237424
0.0540154039269199 -0.0360389016494882
0.0645030745871267 -0.00156158969424082
0.0504809875354785 0.0428560817220265
0.0595347473031761 -0.0121888085769347
0.0703141281417034 -0.0239504832834588
0.0792390214351161 -0.0267643268330665
0.0678543084344183 -0.0334246724742395
0.071245582125705 -0.0595335944806725
0.0623040302964461 -0.0522904240793652
0.0357121771873554 -0.0669509837511079
0.0127602209238896 -0.0702257660258062
0.0270399797721881 -0.0575475864146248
0.0487516013406811 -0.0410429996039783
0.0662895242012157 -0.0277794567960369
0.0674011693611312 -0.0376426607497439
0.0663647230964236 -0.0644021730544613
0.0626626315404236 -0.0874161033184258
0.0671591993855711 -0.0824146111346724
0.0531476360228789 -0.0750710428558218
0.0315792370251499 -0.0814933633721357
0.0261302210688269 -0.109941966723289
0.0648826000222655 -0.0869343013291369
0.0870925409209272 -0.0307717525194416
0.0729269413874162 -0.0471067052555574
0.045903135882474 -0.0485502743318842
0.0375717878474188 -0.0747572744675297
0.0510411620475023 -0.0682007566531572
0.0287455194854172 -0.0630781693457635
0.0452676809881641 -0.0683739634262937
0.0667182342625413 -0.0395024056954675
0.0718695847566193 -0.0343919958023724
0.0427587248434372 -0.088394727903295
0.0495737865698812 -0.110173984986319
0.0635264132060288 -0.0824113564126539
0.0795347178524289 -0.0665856365485663
0.0602503165982572 -0.0682797968448037
0.0449921917423921 -0.07105234576851
0.007852059502572 -0.0983896156642843
0.00309438681152526 -0.106929210203529
0.00248717893384237 -0.0327249160776501
0.0265422129878575 0.0265805623150508
0.0435147745235714 0.0336520877189846
0.0613873847874439 0.035464106483274
0.0714421373853315 0.0546027015832112
0.0696092378740058 0.0461236357395755
0.0663033716548604 -0.00105827226767866
0.0632946681601426 -0.0386987242636511
0.0542221060870107 -0.0364194008072009
0.0627543423847499 -0.0324122165098292
0.0576331215514239 -0.0477709884476672
0.063304598861149 -0.0425622987651457
0.0599320716075069 -0.0448896513672275
0.0662970994469693 -0.0340131532902908
0.0699293228378095 -0.0511601875121658
0.0580715192802029 -0.048635376458122
0.0569151454589726 -0.0613265577887189
0.0422300890075061 -0.0322256767595
0.0426661111661086 -0.0441684048846306
0.0499137422858698 -0.0416967419568332
0.00758962272974068 -0.0516568849746825
0.0401276953197012 -0.017465568197631
0.0581370199387964 -0.0114693824104977
0.0688394569166791 0.0404653310486621
0.0670117110609073 0.0475888360381672
0.0640673040469494 0.0211792807267385
0.0700970096797881 0.00254715340926661
0.058518617552573 -0.0344921588122251
0.0533750513903586 -0.0550769436168716
0.0473764814037743 -0.078722715622541
0.0603456269225652 -0.0837912791901865
0.0657805520698344 -0.0764844528487697
0.0752105316165738 -0.0693014163800437
0.0712655200163604 -0.0843759730307647
0.0702426713248438 -0.0777048826425292
0.0577687087873508 -0.105658885142086
0.0877977838663056 -0.0987631174802362
0.0886318818667637 -0.0897293366261992
0.0822135478500892 -0.100611575165839
0.0507327181522967 -0.173901789841314
0.0556900894675246 -0.190437530181544
0.0831266336599588 -0.109552064904309
0.0797291921975826 -0.0666100071782213
0.0752739343501201 -0.0816027357974574
0.0736066960597776 -0.0860703608720305
0.0752035336224957 -0.0792325874235311
0.0878529760165543 -0.0829972019899055
0.0877581424491099 -0.0844432733654836
0.088022605916124 -0.111276340084068
0.0665843041138583 -0.118492933169522
0.045238740724528 -0.111716532670663
0.0187198522030009 -0.106244197142167
0.0296535155256528 -0.0204728123526623
0.0277180646100269 -0.061048825234872
0.0362521515542939 -0.0389224353918503
0.00137176901467258 -0.0359436261267351
0.0461198388673772 -0.0372274917584989
0.0431819254676906 -0.0441111453336844
0.0625675557423302 -0.000533861701247742
0.0707086160255189 -0.0130721175315797
0.0683678160979523 -0.0503421912048098
0.0586413473143464 -0.064534954992205
0.0416849449945103 -0.0687737243187282
0.0497144876007035 -0.0507886419836011
0.0640485685244675 -0.0596405088483555
0.0697479239439794 -0.0650303099811151
0.072440611591111 -0.0663325256699513
0.0734937963697283 -0.0719961019395172
0.0728663432450937 -0.0689939712231582
0.0567623760563749 -0.073878327424161
0.0356827993335015 -0.0846840867981457
0.0138839723655827 -0.0740005938899094
0.0130914559090161 -0.0237635943621241
0.0608904648045992 0.019134169910166
0.0709400926931585 0.0286281992034352
0.0551017496914916 0.0697009903431803
0.0137691835230159 0.0206221396854083
0.0602364943855873 -0.0226845536774583
