-0.0339381234394188 0.0503139188627291
0.0115651713763186 0.0612813904488483
0.0272886645548707 0.0521134904309678
0.0517954777049665 0.020349220390441
0.0482991905080758 0.0213569232374671
0.0539237983460071 0.00411193678675811
0.0495196713486149 -0.0148077830434907
0.0582065239958311 0.00758717461070348
0.0408537403044828 0.046306939253925
-0.00358859837924902 0.023019762615175
0.0271331721429028 0.0747265612123751
0.0458762166464141 0.0754584961402194
0.0581831448577347 0.0452888597713879
0.0220273057180115 0.0726088045014703
0.0256949935638772 0.0729402294687257
0.0440465348305191 0.0528124250438653
0.049113488733036 0.0437297907569929
0.041984880984046 0.0402225617671157
0.0364355556091245 0.0303017633402542
0.0352632003952473 0.0193310303808737
0.0451598370286239 0.0132629936812315
0.0568611814122977 0.00623856153607443
0.0562320210124024 -0.00211585918651588
0.0483402665832109 0.00233379400806699
0.0481704930318922 0.0051180138853821
0.0504271362499982 -0.00407634571662575
0.0508517357104397 -0.00276965119668555
0.0482745282243491 -0.00112698368726893
0.0550009905257222 -0.00157183278953913
0.0494546450317795 0.000370054247744241
0.0492189322022134 0.00787926834720507
0.0402314782194955 -0.0104642452979631
0.0487607806705559 0.00825580368768701
0.0421204221407804 0.0128590521825094
0.0472148014768125 0.0181762299171625
0.027514404926647 0.00643441025164067
0.0359097024244592 0.0145813706877819
0.0431663095703096 0.0145740632987251
0.0420804881086718 0.0496586052811974
0.0330972688769495 0.0309411515617409
0.0427150523854256 0.0259343080229789
0.0363059965695374 0.025061533108551
0.0384105982675604 0.0205110909856049
0.0368458658900212 0.0036560569474609
0.0394472990187267 0.00262035308658482
0.0614166769423588 0.0208805657448845
0.0736368301626279 0.0329582432738098
0.0535427525733935 0.0128927857953244
0.0299314620682873 -0.0211499829210389
-0.00159743148543393 -0.0713455142167286
0.0172079054122554 -0.0107043165769591
0.0430506522733331 -0.00591522100970215
0.0348777897749954 -0.0025250793136006
-0.0119630336219074 0.0129304653503626
-0.0613968891063175 0.0101948408854222
-0.134575772527609 0.0343402500468611
-0.209496727284471 0.0615387235991968
-0.165435070367099 0.376528914496472
-0.151222475505668 0.554666451592051
-0.145504269414423 0.590659163546962
-0.139174434230438 0.573470750711933
-0.157873264960834 0.572288774466568
-0.12374873370785 0.61087230040756
-0.111713926648041 0.599987891930716
-0.125835808732986 0.59336890427749
-0.154863303850964 0.576620320585882
-0.1626855873752 0.567984970304793
-0.120392039145563 0.599175190096516
-0.136964499016306 0.562959260836072
-0.133327592721211 0.577862780266329
-0.131307196996339 0.578705410767067
-0.115043517191509 0.588186664842911
-0.119138805972193 0.599981984944751
-0.106510510537986 0.614030583896699
-0.10053375260194 0.587322639287575
-0.106677959836345 0.575801586750764
-0.101255464335551 0.54607434123543
-0.0963558158051239 0.525506467629614
-0.115660150304581 0.512827567245486
-0.136640096701787 0.459673249163414
-0.140052164310342 0.456738259982154
-0.0430167510655848 0.385940805213775
-0.0390773875404353 0.372397687124457
-0.0630553163269685 0.275341117048831
-0.0672736648432862 0.204138087541625
-0.0459293899289389 0.214412756924148
-0.00566029635759369 0.175040786497314
-0.0395701292375085 0.11550331126496
-0.049739689191802 0.126483329133133
-0.0414562608599345 0.104989355274593
0.0145589685210395 0.175411474011166
0.024787910792093 0.152728648245451
0.0172630669476999 0.137549247355089
0.0200373002566139 0.126838202448009
0.0140053398945945 0.103800889079545
0.0344396787169123 0.133931699037532
0.0424435213133654 0.135615717554374
0.0280970448834787 0.108459506824778
0.0102768353310274 0.0915299387809212
-0.00965767327184927 0.0733107258875269
0.0209731316345724 0.136146336531727
0.0290976376983632 0.123372526641604
0.0279559500809412 0.0555713698797198
0.0332054897521974 -0.0267474515180467
-0.00528487051158554 -0.0382592116139454
-0.0142268905864037 -0.0144172532341824
-0.0531305887440076 -0.0371786372463024
-0.0366333955180084 0.00109559577568817
-0.0136221656733261 -0.0348922761681708
0.0230633134023531 0.0402154759124635
0.0357200344799762 0.0727399078454116
0.0424238556973441 0.0661477442863094
0.0423889059642862 0.0524100987578596
0.031487224782963 0.0288810717485388
0.0278335944937549 0.0116785615316649
0.0373910832320309 0.00290688502865221
0.058628441534071 0.00481223383687259
0.0594353250373654 -0.00275924142424332
0.0600563184037111 -0.00485648939701592
0.0371234378227896 -0.0210006231121997
0.0398182749162556 -0.0218128423028848
0.0361674631927947 -0.0179111328078762
0.0527173985970392 0.00352721712245944
0.0520833370320365 0.00431168602240305
0.0457098510485714 0.00908555067508149
0.0419644056598024 0.0117136321906475
0.0372135357419509 0.0127936314863032
0.0337784973248476 0.0256339828081468
0.0205905393256226 0.0117591802771876
0.0205152126868872 0.0208303828704954
0.0292686022309156 0.0417455575409956
0.027732699054652 0.0463939969342657
0.0237738557206608 0.0576259035135918
0.0204889279778074 0.0614809122004494
0.0268127885079604 0.0600586234394697
0.0239182333479912 0.0385142734812091
0.0355594450855106 0.075743831222913
0.0405471576025877 0.0772188618686363
0.0526108248589854 0.0705565488737
0.038043068918429 0.0178792723976393
0.0572317827442707 0.0281817352621628
0.0612777509202707 0.0534817738344719
0.074246751522044 0.0561250829255737
0.0299470871792768 0.0438151648557046
0.013259783726822 0.0420983856883381
0.00113861935428655 0.028576478065041
0.0359358658546348 0.0696470808886326
-0.015178705316315 0.0332637116995468
-0.0337670535475792 -0.00693926944952548
-0.035293117906701 0.0155319583484203
-0.00772133660193734 0.07998728587217
0.01246075060996 0.0823631048606098
0.0261270920424311 0.0712321358455496
0.0387287799384684 0.0925201099583391
0.0462436967507995 0.0834400890247925
0.043831120697098 0.0865990603027742
0.046219881236588 0.0633265118252185
0.0480455652150705 0.0536726086472419
0.0512725136512 0.0544229802445644
-0.0153194996106693 0.0209673052855793
-0.0330367502025723 0.0292898820800171
-0.0173189845133558 0.00226806051546557
0.040777234951595 0.109810655062812
0.0494252549878189 0.112645003825393
0.0442787824517046 0.0802883898794065
-0.126888718017821 -0.153596611786253
-0.216984631041452 -0.230350072106879
-0.172216586609461 -0.267255895945484
0.000180929763713936 -0.178495363286044
0.0181215280508672 -0.0215695797505576
0.0115454582650382 -0.0418561505961121
0.000665558842881309 -0.0942355368844257
0.0426142823640897 0.00614324540346056
0.0493708811936033 -0.02822214254999
0.0660116029944616 -0.0433631815253809
0.0591583381760917 -0.0706880379876042
0.0700069517474387 -0.0516702907987781
0.0707007786166158 -0.061188536347726
0.0601251073616794 -0.0639024619246257
0.0421326087227457 -0.11430935689545
0.0431845277818018 -0.0896310850930611
0.0497203122481368 -0.0301316852020366
0.0438089688503407 -0.00711768346642654
0.0368351705646382 -0.033609670157456
0.0253240541865942 -0.0147694141268432
0.0190119473733842 -0.0139717519531242
0.0500289443427448 -0.0184209056294597
0.0633113175814131 -0.0150286776352096
0.0672375614210402 -0.0380577414980882
0.0668297871459719 -0.0184299891774425
0.0489244139779526 -0.0268666945950367
0.0583004072316022 -0.0220361497519743
0.0661391240423459 -0.0381725988736977
0.0555692436571285 -0.0558824117732991
0.0586434523535703 -0.102258098635765
-0.00303839226723866 -0.137517162441188
-0.13183839244358 -0.211434255776135
-0.227200296877266 -0.338135640104626
-0.288659084716436 -0.318437740269751
-0.248897755987367 -0.252820084429799
-0.169963361791753 -0.158733094632459
-0.178361038974778 -0.163142506368739
-0.154576399827904 -0.112158055567506
-0.152381043563341 -0.110820566650156
-0.103237031826364 -0.102653229262717
-0.050277036996692 -0.101015211432385
-0.0175511938108456 -0.0843036763878662
0.0615583300049151 -0.0654766489094403
0.069723207218282 -0.0348610439921963
0.0857832935669385 0.000433550419401672
0.084370730570097 -0.0383070357503811
0.0740143289227607 -0.0647928549859769
0.0194718586843301 -0.0974520207653028
-0.0255325367845781 -0.106814869214031
0.0240902466552608 -0.00257827894122493
0.0260849032211845 -0.0353375022976082
0.0775030148387485 0.029984962521267
0.0384902606111119 -0.00059448259720037
0.0536781253562248 -0.00245593260110995
-0.0194211888524824 -0.0876779094969385
-0.0208486967182672 -0.0984271919787331
0.036000739327725 0.00225690961988557
0.0524657626285303 0.0167203269388453
0.037191758487669 0.00765533940307608
0.00266047140257696 0.0010531318540861
-0.0288041360002364 0.0085340087706182
-0.0249958548941962 0.0133572925495121
-0.0158672945955236 -0.00999869150147795
0.0218358298730677 0.0015356460291764
0.0450062034619684 -0.0030703690514206
0.0579816742998896 0.0142919706883349
0.0596212765253923 0.0115728565487762
0.0592887513713803 0.0196846975671002
0.0400140144165089 0.00253868732614765
0.0297297775200888 -0.016862462876765
0.00147319306656632 -0.00528356674463214
0.0524074852033403 0.0111781161622868
0.0584340192800607 -0.00487715817342658
0.0489242175513282 -0.0284835919480377
0.0469769573213433 -0.0159424146814941
0.0485207516664372 -0.00888965327617828
0.0650906013240162 -0.0085280753402195
0.0534692640916434 -0.023777298979125
0.0560015541972564 -0.0213614510005078
0.0597156252522289 -0.000252575143111597
0.0535273431943406 -0.00598049422284411
0.0435245752891829 0.00168217972240139
0.0117746839658087 -0.0373393592985105
-0.017873868118619 -0.0428352538642828
0.030915804667622 -0.0205182986427917
0.0548570913239944 -0.0259839925805421
0.0699422132128523 0.00736144714608961
0.0613791048531893 -0.0399437928732031
0.0701065423566444 -0.0429703500694409
0.0641357321662348 -0.0257200930763848
0.0593342086001226 -0.0244056706633171
0.0597483889357189 -0.0141505850987289
0.055940521099325 -0.0178626738938808
0.0506699781055338 -0.00867664584095302
-0.00149646583493163 -0.0449088801852337
-0.0129229189684338 -0.0446773307569496
-0.0430857672256135 -0.0891230245124279
-0.0314692882725031 -0.105912847424571
0.0160770412294918 -0.0596789258395455
0.0326281381321234 -0.108959039779069
0.0777165453162837 -0.00926988633483764
0.0769499943128905 0.0298601900330401
0.0772855242140226 -0.0106892866547483
0.0629821592242257 0.0280759507000965
0.0464978065431373 -0.00048046590736369
0.022894623041429 -0.0051022582885436
-0.0163899451622371 -0.00376184965674247
-0.0494537355860865 -0.0468716469761576
0.0404920151054398 0.0381823066633042
0.0436400034460802 0.0231099099750341
0.0569773265802466 0.0526875242866209
0.0395894473791862 0.0210784311441928
0.0657933870651817 0.0268088339155791
0.0588704908113686 -0.0232953963045778
0.0540906577255529 -0.00729606155958559
0.0553454027278474 -0.0169809718855376
0.0514154003186978 0.0126270020937903
0.0412277104419751 0.0222321871533077
-0.0142955182720698 -0.0173637657935489
-0.00244222984473899 -0.0206573153758607
0.00872394232835371 -0.0347256166561624
0.0482303510586381 0.0374782309010847
0.0537044059224151 0.0304584473435112
0.057430959880817 -0.0155807564711262
0.0221515763257672 0.0216327945286229
0.0270197294892545 0.0262032222306727
0.0396450424573859 0.0295575903918896
0.0307330413500916 0.0262717591873896
0.0495684200862366 0.0232287229856745
0.060552073960496 -0.00358950632949448
0.0476861107561491 -0.0147706609709192
0.0546392001137957 0.0175348927486787
-0.0660649039403687 -0.0502165012817752
-0.0484647476016835 -0.0148613330527891
