0.031078191624183 0.0178295175263579
-0.0538052146430391 0.0284544769279102
-0.0510894948615398 0.0254052949454381
-0.0233023918228021 0.0345500112576626
0.0169864980542085 0.069212334663299
0.0263550179523226 0.0622986643923029
0.0405994059319629 0.0841647748280919
0.0420936350303455 0.0658838410759808
0.0415488730598736 0.0709100800146931
0.0301183899234166 0.0810074631029334
0.0148329420297084 0.0567057334293501
0.0106247115460994 0.0375012316504033
0.00266406855871983 0.054206390468405
0.039156497782766 0.0685432252093708
0.0578221107658561 0.118152946940884
0.027534192063376 0.070731428313686
-0.0355516575195274 0.0146342852013483
-0.0512870446740626 -0.00253463857538918
0.0218246980667576 0.016922792407735
0.0339580229614883 0.058817418220207
0.021501514614827 0.0726624149394389
0.0189902830366472 0.0730795921171754
0.00114400802189462 0.074708529715946
-0.00600742325916533 0.0415702577046051
0.000505599559648799 0.110568706325726
0.0210158305192789 0.102275237702041
0.0390957106044193 0.0863258440234307
0.0221681711835814 0.0994011459606082
0.0289750119792928 0.0828160176054921
0.0245515466462018 0.0925534064170031
0.0229847084602541 0.10433193623493
0.0193144255154552 0.0917450184222185
0.00510797516295386 0.0688222113457296
-0.000534104563196606 0.051739784513814
0.00753813843790163 0.03757823379474
0.0208001404799485 0.0330751330723118
0.03510087247279 0.0550904506203405
0.0325860078050072 0.0488644232188103
0.00261775886412365 0.00084194962075482
0.00635288222217421 0.0215358192536481
0.0175889580193908 0.0159848799179193
0.0278707406322319 0.0290426225579727
0.0386305000152504 0.0599600472714207
0.0427293973591669 0.0814589832102368
0.0407862957234273 0.0936305928451137
0.0318034345185981 0.0962002463849341
0.0253253332601002 0.053777755066072
0.0155144734983481 0.0949314389635672
0.018393208489828 0.103926033646251
0.0261576057909377 0.0854290128527472
0.0079718066668207 0.0782237846131824
0.0112127966229817 0.0839365178305486
0.0221410444650516 0.0841475759122536
0.031334307859727 0.0874182094046141
0.0255969712913849 0.0646791134853784
0.0331687337014937 0.0800690698016335
0.0178366787983513 0.0645815489137153
0.0331544106829154 0.0622211024338494
0.0175210027915653 0.0473800748090277
0.0236961665130593 0.045088060682966
0.030454938539634 0.0523422790728284
0.0434537923369568 0.0621917002837616
0.0437699361543155 0.0877308914559428
0.0416132475594917 0.0669448443617379
0.0344396981794663 0.0526722461993185
0.00972248985459559 0.0330481746466737
0.0386989576529892 0.0192863661162569
0.0264620020905205 0.0257715747258636
0.0393725560941766 0.0345444980195518
0.0340354968860656 0.034006022577095
0.0446706552988771 0.0494626463190858
0.0277118347852556 0.0285437050662926
0.0160751567999425 0.0803178852765404
-0.0194520140049453 0.0490903785737675
0.0176857000027718 0.0563645660563326
-0.0180414267141453 0.0620330375540527
-0.0118601815222959 0.0351756839837104
-0.0442145204049763 0.0156103785379173
-0.0113964182190473 0.055164011181017
0.0245733260766918 0.0425814867718488
0.0370623060084932 0.0199868752593545
0.0422395461264728 0.0310458016797228
0.0590879095295491 0.053980072783202
0.0563970124905024 0.0720334389712094
0.0550948274469328 0.0427984395494791
0.0376370624086158 0.0220989413118908
0.0351323786484906 0.0427234902769274
0.0249360738923771 0.0110182017870002
0.04196073336196 0.038426517367054
0.035420570511812 0.045927708835169
0.0352363479836702 0.0572917834933167
0.0322280810497355 0.0626089634946429
0.0367096898900923 0.0483570365502541
0.0278740032587352 0.0570281288339222
0.0229781530771542 0.042631158142235
0.0222116811693692 0.0428093966274135
0.0266730576551788 0.0571338517930269
0.031775353956775 0.0798897368942105
0.0278221335523318 0.0748114382822929
0.0179140172287511 0.0442821540182231
-0.0155725155167114 0.0222619536723146
-0.00597703977953798 0.0380806090369161
-0.0246873638436505 -0.00579133673436099
-0.0259674086906637 -0.059656323246974
-0.0385637527279226 -0.0753683517614723
-0.00806547691874395 -0.0587852330548105
-0.00323544999888029 -0.0199674649283162
-0.114807325181832 -0.0845371829414266
-0.323908588528542 -0.338848987135871
-0.362764896709665 -0.401551178987603
-0.4054071100688 -0.487788670981654
-0.461578997501328 -0.58315562011193
-0.67086980912126 -0.730588396024321
-1 -1
-0.694650870610396 -0.743647288280542
-0.444915632413746 -0.621752798335712
0.024954767356625 -0.218309185254387
0.0456668129247692 -0.0680059979447739
0.0316991823846646 -0.0157270069836954
0.00206274078661421 0.00903388702086134
0.022776746377955 -0.006334677526256
-0.00964271794450854 -0.0185289007661294
-0.0666468191027978 -0.0461699497363112
-0.0804868106634657 -0.0290396232588092
-0.121191907424354 -0.0315236605725558
-0.124394154079431 -0.0271038072150991
-0.123053698159587 -0.0696570560298988
-0.430949144578994 -0.309417959883766
-0.667021683736331 -0.553312289931834
-0.273322709481853 -0.322019986502658
0.0224818410305834 -0.107015478143745
0.0412695331480049 -0.0292164570569714
0.0373822554617699 -0.0132606644683373
0.0275816697065371 -0.0237236607339126
0.0335574164279272 -0.0569124314863946
0.0633432040177136 -0.039507063938746
0.0765603173249506 -0.0646327669531462
0.0718831213810217 -0.08464839331078
0.0425684241164988 -0.0745576768518973
0.0606968031498481 -0.0847875379649709
0.0835291967529737 -0.0761403323267622
0.0832600940322411 -0.0815842179136888
0.0623568940723024 -0.0978360867272402
0.0616285588018234 -0.0744309318669044
0.0192824873056815 -0.071366481824036
0.00685735683122739 -0.0677951320633885
-0.0400033088546419 -0.0403527126075445
-0.0203429698825732 0.00117780646878062
0.0427104990797219 0.0349444391303166
0.0257881608661455 0.0115456882990046
0.0493910950477757 0.00513563066756187
0.0168699741679601 -0.0296430022395019
0.0333740111263464 -0.0436634572415372
0.0215021569048193 -0.05038786580583
0.0430898353616842 -0.0445324354645077
0.05431767148104 -0.0414577186400751
0.0674226392200564 -0.0211552839218273
0.0651198493005663 -0.0287914660897128
0.0658613353425142 -0.0390882135889049
0.0459540126758895 -0.0341869072248069
0.0646421228871993 -0.0148378705848414
0.0768495904670145 0.0210725531946138
0.0781807996082002 0.0213382101717655
0.0510558423548254 -0.00480349995748472
-0.113372813640378 -0.0987467687875971
-0.326334194184795 -0.248949179382648
-0.404147804946186 -0.48496462952452
-0.527537512746018 -0.659615712258856
-0.569921744155944 -0.734034772901031
-0.414862183384212 -0.619856760261049
-0.166230311547149 -0.386907229564396
0.0323635244542788 -0.129228050483068
0.0872739422843768 -0.0334047469998363
0.0832613130354797 -0.0655413563282625
0.0818142652280233 -0.0864686266051284
0.0563331319019283 -0.0854298367008295
0.0522202433618984 -0.107225189761067
0.0607289982843217 -0.124408680548969
0.053339677297836 -0.102163250440347
0.0656279257942856 -0.0891345208487007
0.0713742261134771 -0.109210855733376
0.0762734549477754 -0.117627976216191
0.0677101950965902 -0.115564924875845
0.0806240877676421 -0.102272927507631
0.0539658579171819 -0.120580953666641
0.0614736245028352 -0.117857721675362
0.0691872262881833 -0.103108086710147
0.0779358871183875 -0.114752523680506
0.00937813567280468 -0.167866684585209
0.00748035887009463 -0.164989340276669
0.0366994212986771 -0.157592973469453
0.0944862235255226 -0.117674625968677
0.0909347746268713 -0.135497828263063
0.0818787692997378 -0.134167328319241
0.0794919348400621 -0.126728848045639
0.0789744456692873 -0.128150710604193
0.0937187938268011 -0.134493348635837
0.0792338361768599 -0.12354549447784
0.0766171931232264 -0.119042112053695
0.0721916929465262 -0.126180182874838
0.0780680804870991 -0.115437761833304
0.070487384237807 -0.114286301360524
0.0819725187832446 -0.112435699877292
0.0771028743913161 -0.134395166006516
0.0689061813821178 -0.13908135302535
0.0693168394403285 -0.149111483102108
0.0811671460548723 -0.145064998534959
0.101462505101847 -0.129093010974884
0.0521095079827266 -0.209389917436124
0.0628120261949061 -0.119295662145634
0.073931704339013 -0.107789823869591
0.0909617448522164 -0.114047426724176
0.0509220827679208 -0.157546644414278
0.0382317552446068 -0.103889915623562
0.0726325998215454 0.00573243835180485
0.0793425825992762 -0.0375507734272192
0.00960138292234723 -0.0698281643026301
-0.00434748220378349 -0.051654027845916
0.00735333726691171 -0.0817779740639023
0.0261424679126824 -0.0642197015031631
0.0313532466160229 -0.0537612176441774
0.0524646613915437 -0.0391449911083968
0.0625404707709944 -0.0444624093853705
0.0704041377476371 -0.0341106081525446
0.0661042745299258 -0.0404192956695469
0.0715427071183551 -0.0330529377243911
0.0646672392323468 -0.058930943622516
0.0640291935423729 -0.0571777178102247
0.0522035616158562 -0.0625758900785401
0.0323338105231496 -0.0990758947365836
0.027091238390896 -0.0838478994393201
0.0219648869422739 -0.0936704449453402
0.0460627921524213 -0.129461544408113
0.0470352609664498 -0.105571339945056
0.0245982533258797 -0.112069809688673
-0.0324226947419396 -0.18136723135589
-0.0903013476289417 -0.235149102921921
-0.031879182456248 -0.215309760742384
-0.00383808834543688 -0.159548090853029
0.0238545631470903 -0.115509377618805
-0.0313937752540813 -0.136154672891915
0.0411686156527125 -0.158310097627947
0.0572583008019567 -0.138257503336483
0.0655895966403286 -0.122949422777107
0.0638233960280333 -0.0888296324618414
0.0615546214118592 -0.0875343572096176
0.0605894530526983 -0.080584571824107
0.0536351188918541 -0.0888782627711497
0.0548949886299907 -0.096842056462419
0.0801598345686306 -0.0695820516863616
0.092645515091977 -0.0536027877843976
0.0929420744176392 -0.0625974847141104
0.0823253063257166 -0.0880891438718645
0.0626674138936107 -0.110197072781304
0.0668327730624999 -0.104317339815385
0.0791675561926451 -0.099784626972023
0.0789900692041113 -0.10420871575896
0.0713209272898383 -0.110157715009226
0.0692611378497489 -0.122083159019507
0.0696013619492994 -0.128043700587634
0.0727944881470722 -0.105501044051426
0.0834471935002441 -0.0980372095676812
0.0911174193191549 -0.110587834172005
0.0775822141617327 -0.115159635629457
0.0743755871270895 -0.103142091707223
0.0674985515931735 -0.132529284740178
0.0869228656627242 -0.0869160800361974
0.0320904178475937 -0.100280651922642
0.062897989821503 -0.12192109271335
0.0156295131258566 -0.193182057973635
0.076698696612476 -0.0690214675743759
0.0139835782004134 -0.154320236254887
-0.118721008772251 -0.26738232068715
-0.380228214412473 -0.517561032903752
-0.453240783264999 -0.607476616843807
-0.424948915858798 -0.482385126355103
-0.314589512067099 -0.40912433554603
-0.134770479962389 -0.251230644048571
