-0.00716200985296762 0.0846857576327085
0.0181901508346545 0.0645910392752958
0.0424143595661159 0.0296073668702885
0.0608498693791527 0.0148452306982902
0.0702145072955438 0.00372593135817676
0.0697928580999645 0.00449134389927763
0.0385779975682768 -0.0357043061792207
0.0337953502791944 -0.0390151794703775
0.0142378182185197 -0.0535730680788066
0.0140140246923639 0.00805555302690837
0.028386169226904 0.0198419918220988
0.0593723806101155 -0.0214011105867597
0.0419587692244523 0.113686015855083
0.0437890780052947 0.0316025657144531
-0.0075579710165796 -0.0800189767950469
-0.167278727835137 -0.203368442888773
-0.409279689507869 -0.326865933078707
-0.428382645775251 -0.279306273658963
-0.340490195673639 -0.0542646870040619
-0.0683611056908982 0.16105485152544
0.00109528731715858 0.179593943053128
0.0134981546647587 0.0592648871745178
0.0168142772297164 0.0573044216641071
-0.038514718498684 0.0394593390070794
0.0210812482965471 0.0296611894068311
0.0267223534824876 -0.0209499103298765
0.0587416886719492 -0.00114509155539707
0.0588084262004775 -0.0365722839400611
0.0527540349887372 -0.0265114623641012
0.00601348871809001 -0.0624086746269007
0.0713877500821255 -0.0392806620583367
0.0809945617275976 -0.0113037745600941
0.093540020799589 -0.0494659094262541
0.0598104558063921 -0.0463396018379699
0.065478729063096 -0.0789899533274459
-0.0279340962344897 -0.190693328629292
-0.106162931647151 -0.158588697612169
-0.120877371654067 -0.197060148026503
-0.0137069687176082 -0.147322522790909
0.0568930580649811 -0.0764565455335155
0.067915340127448 -0.0394638169431545
0.0704623104002248 -0.054593659961956
0.0626045036906691 -0.0841455746559056
-0.101081811909445 -0.205465316944983
-0.20308574185662 -0.246418038536142
-0.209050454343587 -0.211962799907046
-0.0594169418789954 -0.0663389644741437
-0.0267086209237627 0.183094105816314
-0.00748712275583605 0.196640686494991
0.0178359500655802 0.105569814736601
0.0227607136430333 0.124424696409949
0.0275083970742545 0.112440789246817
0.0199224057435038 0.0899687301824716
0.0243197822971227 0.0743254676413509
-0.0016272940704726 0.0629521668920174
0.0444058955483132 0.0147252891623034
0.0201417831559753 0.0660865295191434
0.0288967823486311 0.0399125596537245
0.0523160376028494 0.0491592690377298
0.0619550305329176 0.0269489357137071
0.0122682741670762 -0.0173112800017823
-0.0366535690720374 -0.029024093137257
-0.00268346797076702 -0.0185120469104299
0.0439279378497297 0.0159592867784311
0.033636459550035 0.0427510536566205
0.0420922855491592 0.088787880255911
-0.0509023705990197 -0.0101357448097918
-0.0367343675557279 0.0447764627883921
-0.0198883836054226 -0.00934629088869186
0.0410803768819305 0.0600031523016179
0.0497748021081271 0.0603758431512952
0.0165320782285498 0.0131531093921542
0.0463351682480761 -0.0043549383400716
0.0149191524964487 0.0353534990507517
-0.0431448966749332 -0.0391702134305978
-0.114330014316207 -0.114628496712528
-0.145004798996389 -0.177782059622415
-0.424017632460737 -0.331788820352043
-0.421855587241418 -0.241178889064817
-0.36041127544194 -0.230354992750541
-0.113569262144226 0.0179783509032261
0.00536306447967901 0.142441067275181
0.0514613334715405 0.138176964441092
0.0216436775284297 0.124551154448569
0.0120705943547132 0.0821443823585222
0.0331511024653876 0.00669891650648949
0.00814114280608416 -0.01620133947023
0.018356603684351 -0.0516435347852461
-0.159756360436676 -0.190214192236427
-0.265964407187708 -0.212990266758107
-0.332350571435492 -0.221362102672342
-0.197897130804186 -0.039617833340376
-0.0613345150639756 0.123182513182731
0.00312912411838963 0.119876952414613
-0.0214383961724472 0.146410213192946
0.00138251578115687 0.161142814465678
-0.025351515100235 0.113322436285479
0.022376076500369 0.115365338876232
-0.0224421157651352 0.0987520026104332
0.0314999362573901 0.114543227635662
0.0124043690748278 0.100295761295938
0.0393661854811395 0.133346394049332
-7.27016165948388e-05 0.0973439154828449
0.00118719842365843 0.0737870543361132
-0.0289435034379036 0.0757317319000812
0.0259539860943278 0.0229681814856762
0.0258561274115986 0.0909639384050106
-0.0266919354662727 0.0341127340364465
-0.217058928440088 -0.0921313771877105
-0.564433299009668 -0.227454367074931
-0.526674762524362 -0.229309078303864
-0.35115521007013 -0.0513232418932184
-0.16659975600636 0.076083676657156
-0.0615120107132371 0.131640586730249
0.00219688778853627 0.180617710776976
0.0013316967501517 0.193707057069794
-0.010292488986311 0.182258214308525
0.0110770658797982 0.197848669249558
0.00332282076269835 0.180244037724949
0.00216362112736793 0.126704279717869
-0.0155381587543598 0.0936052743984893
0.00173769285133366 0.123805170703276
0.0234452208084008 0.128488822517952
0.0357063666957541 0.110533957248
0.0373729932837317 0.0869312728373054
0.0530238916941963 0.10106947513599
0.0480569729532393 0.100526015917076
-0.0713134068978996 -0.0720550874232654
-0.295378563985908 -0.117125402554441
-0.326194739086476 -0.103440812056447
-0.298614278827344 -0.138250014308115
-0.159030325889463 0.0464412992750034
0.0065160364756515 0.138241941981149
0.0270667381126857 0.0997015418312285
0.035333007670085 0.0860765787355638
0.0209532240359001 0.0896584667510175
0.036067758724228 0.0813006224970995
-0.000925733025553704 0.0109874708844344
-0.0820908974374408 -0.0174890222472797
-0.392874535192898 -0.236455799047394
-0.42167711232448 -0.267219869799058
-0.347756707510837 -0.190836623649708
-0.113618074782532 -0.111947089471172
-0.0525051462277558 -0.0176616538326605
0.0324495044295416 0.0160525829551869
0.0406601690977426 0.0502209295227129
0.00333227196384415 -0.0351568292943403
-0.0107178970700185 -0.0830808061053305
0.0227282249700495 -0.0154908344782549
0.0373570514659062 -0.0229207775128344
0.0478026615727805 0.00805661653857893
0.0544354463014915 -0.020908999349577
0.058832330881806 -0.00808090496093317
0.0148655807278588 -0.0286150209879577
0.0289914644127297 0.0115037600034055
0.0719962218739129 -0.0474015018196034
0.0634241810255272 0.0578614866634961
0.0548751354030882 0.0412889491530991
0.0620631067993084 -0.0371117881048487
0.0705494223570834 -0.0644506401063213
0.0615970487455763 -0.0865555952449878
0.0675834235301379 -0.053240026734868
0.0680105841615439 -0.0514088428873651
0.0618839991935555 -0.0441684420591169
0.0707853709700234 -0.0433241832089132
0.0587200454413994 -0.0462660773837934
0.0542411581937993 -0.053314548359958
0.0660216485588549 -0.0510994278074914
0.0626240004580745 -0.0651482602266045
0.0782939976629974 -0.0257093203315468
0.0804665464518378 -0.0511929073444295
0.0864462708364931 -0.0353215676171297
0.079419580221158 -0.0937813193692024
0.066337888234906 -0.15099163274699
0.0950696360640637 -0.145797021971437
0.0835012858816413 -0.171541701488723
0.0730455802215031 -0.0974737031535659
0.0835804102516306 -0.108557412907916
0.103992164155858 -0.134002691637231
0.0750075676925393 -0.126381835441158
0.0503155714032076 -0.163687248293565
0.0634034598055118 -0.121618768405923
0.0806045869660591 -0.13854660801522
0.0743227896763548 -0.167311071459966
0.0233492369408144 -0.171979346252824
0.0544509429030124 -0.154964780672041
0.106435608783431 -0.13535532487634
0.0904215835204714 -0.145847223862671
0.0838130186337712 -0.148444028443096
0.0689016679050302 -0.157501235435164
0.0679939097291633 -0.127572060187018
0.0495870923947145 -0.142671134332085
0.00758881806518536 -0.138530104550847
-0.0135389835341563 -0.128331744135632
0.00663257260624707 -0.100097703269053
0.049036983185572 -0.0444673696979714
0.0384044786545679 0.0468317632876371
0.0501304493992656 0.0129544191816922
0.0508996958019337 -0.00711205356761785
0.0641794957161251 -0.0152916422274396
0.0531067472837372 -0.0463965049372635
0.0508200849927471 -0.0291873104002308
0.0307714941270576 -0.0294793879579371
0.0345707967607356 -0.0119843860305
0.0473426572171581 -0.0539196287830588
0.0359387923008076 -0.0457627458645041
0.0407285126365503 0.00539754279477813
0.0447992256093687 -0.0406720196677008
0.00253031918267672 -0.0431635383263273
-0.0019936837827121 -0.051010776836156
0.0291047145467903 -0.0144623407842749
0.0361179749289843 0.0157139225562796
0.0380847845979064 0.0106518536825549
0.0498625522270276 0.0276779415169956
0.0443539407805542 -0.00499419966156353
0.0171029468696333 -0.0262958076027745
-0.00822719971602933 -0.0497535044536885
-0.0397660657573057 -0.0110128405625795
0.00343958617993961 0.0213686261437342
-0.138127587429569 -0.147200074605477
-0.302149288903042 -0.142856887068074
-0.310627440195625 -0.15983259622337
-0.170755969977032 -0.0415802671645723
-0.0287562945091448 0.127448227154399
-0.0186076668112781 0.198396144756883
-0.0637287520446947 0.117855982573684
0.00984625190550244 0.174040911105186
0.0133106499745579 0.189487640302363
0.0505242508197883 0.158377090184859
0.0270038769325588 0.11346785886586
0.0486277844022945 0.0545027498148789
0.0835146272162975 0.0716898239891173
-0.106737110350452 -0.164278323112007
-0.293253598738121 -0.325503394129389
-0.283361359191664 -0.261694133481645
-0.127247717867179 -0.130537887239095
-0.121007220655027 -0.0448573378052836
-0.181794559552335 0.101661159045318
-0.16360558915539 0.28187097464874
-0.131435036297115 0.377043531455421
-0.14731252248916 0.374611018962017
-0.189542427896101 0.332017688542038
-0.26376380823315 0.270369777094922
-0.103517827218593 0.232692913316033
-0.0789036106963039 0.104085542027458
0.00494626506786916 0.0905775730355719
0.0348255021761134 0.101999762270591
0.0530755833984488 0.0956782004845454
-0.0541827609415501 -0.00875891881984176
-0.0337183543588762 -0.0343960068690687
0.0104279326286532 -0.00334617912000205
0.0480439484646718 -0.0736449908666235
0.0559739280737943 -0.0358538972835734
0.00935571439517971 -0.0391326821301449
0.0310152585963443 -0.145005912922203
-0.101656942625638 -0.116888087366532
-0.242493995247215 -0.228382495409878
-0.211603408496739 -0.250971352335226
-0.266585650394836 -0.195384022498621
-0.0754220788099413 -0.00929568183759575
0.0227365812051182 0.0220681980070683
0.0410558136541255 0.164968401672182
-0.110110672398781 0.178280459730134
-0.300005957564517 -0.0899192137690322
-0.376465158838521 -0.0763366003052078
-0.356464164646397 0.0376457625361781
-0.236191152245591 -0.056227436939008
-0.105160763244743 -0.0669036647811781
-0.0631983413975654 -0.140764727357087
-0.100942913028699 -0.132111150170861
-0.145331191284102 -0.187954812661045
-0.105246559403222 -0.113757706749516
-0.132015878672178 0.150311321209637
-0.129166950165016 0.361161005639731
-0.15635347803621 0.380113657274779
-0.168282941045247 0.402300652892338
-0.376166652453431 0.240723835551373
-0.466463140232498 0.189488369058035
-0.549588968519711 0.17224492555356
-0.266651340214752 -0.18173343742506
-0.0431090499069916 -0.116719896469727
-0.00318466195329712 0.132114251193772
-0.0678475565276768 0.135502486160912
-0.162593146138636 0.0303510530063225
-0.177643547614022 0.101880016104742
-0.029504075202489 0.206638062682511
0.0201276022578332 0.239810770728758
0.0373305123147347 0.154282490885134
0.0364187565603334 0.097737091601425
-0.0528297454219743 0.00594641400388971
-0.021141059503584 -0.0330466595028208
-0.100250320628121 -0.162272164817573
-0.338930679803222 -0.374947190797251
-0.655223379039878 -0.66730344816834
-0.544018087412845 -0.659471384116657
0.00134373770103363 0.0965495609949114
-0.027065206713184 -0.0687590224177864
-0.102981302851592 -0.109425227247255
