-0.0684817227506187 0.00796414348497095
-0.246429370464817 0.118995235309734
-0.380575228964839 0.143874648884914
-0.510994517322464 0.188837900179808
-0.20351449908134 -0.0502704333105771
-0.0919238633509833 -0.0635110371951533
-0.0463326859153644 -0.0763458067247453
-0.0882862722607502 0.0360893245609494
-0.028408805729688 0.164848717581121
0.018266808614838 0.101218033828013
0.0697446021401484 0.0549613408933434
0.0475696810758098 -0.00488798345550443
0.065102533555446 0.0369431292827657
0.0612777006565258 -0.00247964347614531
0.0494341434572656 -0.000320569979124588
0.00519512668997104 -0.0344673098019654
-0.178809985816915 -0.21288725061592
-0.38814081810457 -0.37412390527848
-0.594976838451954 -0.584413191534862
-0.580075684757608 -0.374658575036096
-0.480942566953751 -0.304406091318088
-0.227755680655769 -0.236779727106315
-0.120865792225446 -0.0472634120379072
0.00409210806093295 0.0299318086241101
0.0435183754454608 -0.00227607999179636
0.0442793908675162 -0.0354378657569143
0.0737450500343766 -0.0389657359543535
-0.0141459169570159 -0.10057427231976
-0.0726986534143586 -0.14202665529271
-0.0331614632418832 -0.138354763644989
0.0293165114241412 0.00163495272567691
0.0577699789041589 0.0168084842369696
0.0746671839223233 -0.0442745861179883
0.0271357379394961 -0.0897226983764133
0.0394777433235216 -0.0694437950035945
0.0408300890704534 -0.0986177689032774
0.0719155282018565 -0.0122302069102433
0.0959894577610281 -0.0330424786040432
0.068127537398413 -0.0460147546365421
0.00461381257240015 -0.126555542049285
-0.024766325074477 -0.180418723362352
-0.107442678681113 -0.208942275391195
-0.25951213174769 -0.229033124119366
-0.32698596459023 -0.250013305513024
-0.266260005137365 -0.186527093995248
-0.118054676649093 -0.039504254240449
-0.0278310825524722 0.0329514318292615
0.0290172704089109 0.0950410925265959
0.0304896518327904 0.0995610967955856
0.0567211461994006 0.0898135270281801
0.0359857659861553 0.0673725101929849
0.0353610691247902 0.0973345409315363
0.036356679872352 0.0456591319804558
0.0483654470409165 0.027046329513815
-0.130394357854859 -0.16258407096953
-0.37422798427492 -0.196406240321807
-0.376898604318638 -0.206591197232454
-0.27431331132588 -0.147670328162091
-0.119367886171203 0.0599561445858
-0.0265180450929496 0.0523734935407137
-0.032538054219918 -0.0163831387887606
-0.00398912430286725 -0.00820341461546537
-0.0241041615989338 -0.022788476534192
-0.166595450508753 -0.138756588029065
-0.275703582514586 -0.179547827204758
-0.222313694962274 -0.129500393848372
-0.0788137193110398 -0.00179460024290062
-0.0427916448903401 -0.00110416264490184
-0.189113399010628 -0.147265412783153
-0.366769321414959 -0.219972156064666
-0.360472675534741 -0.20081721729511
-0.249235151160039 -0.144245583143775
-0.104869534184062 -0.119672988784701
-0.043265188326673 -0.0690920858320396
-0.019137825150438 -0.0695720668957527
0.0322884190233003 0.0165398279094013
0.0193609471995006 0.0453315982640326
0.0411380372510553 0.0450476701553112
0.0479905158606011 0.0371043102526102
0.0488848035689131 0.0668895633677495
0.0380904301209206 0.0687801521210419
0.0475525551615607 0.068126632535404
0.0509388772443138 0.0538251254783281
0.0559706671345528 0.030522051878358
0.0131250634466281 -0.0178570862287892
-0.0414043731581225 -0.0565191951723068
-0.147297829054523 -0.103293814941931
-0.224264516645274 -0.153240253800849
-0.252807843028246 -0.237556403814591
-0.17301183316849 -0.260995043679971
-0.10697083301608 -0.162614425206207
-0.107503911445477 -0.123121826007128
-0.170384642577328 -0.108336432452605
-0.196498325985462 0.0291260835204499
-0.104411782176591 0.164301056492294
-0.0305621422763097 0.16066108971346
0.040138926672776 0.165521870625256
0.00457240115790694 0.200457234764548
0.0130076930678052 0.182242777755887
0.021179240268295 0.114741420924146
0.0414764594613474 0.0187645571221944
0.0412780701200809 -0.00723585832771387
0.0526053994336942 0.0498631184365092
0.0571854440812477 0.0684841187347383
0.0309553386546334 0.0367807500750292
-0.072427405051022 -0.023270623098333
-0.0873924040960801 -0.0498440858841117
-0.0382861628476329 -0.00958812072216544
0.0126667877307634 0.072022884723986
0.00459734784911016 0.0937415873442341
0.021926756846956 0.0337424568138959
0.0157419967571463 0.133160146669411
0.0181406433747082 0.160532039188801
0.044299911424165 0.0858177752474489
0.0162996385822886 0.0408228930731292
0.0421261854308216 0.0463416707826229
0.0503426026636491 0.0257662087891445
0.00230314862973311 -0.0224781228456626
0.00481608246888081 -0.035941380611388
0.00746789041241139 -0.0550679426423222
0.0272751262611304 0.0437940972040356
-0.0251014675541398 -0.0146270518453989
-0.162614652813784 -0.0391419196384425
-0.177776149020768 -0.0626014979760015
-0.149400308800463 0.00913444890250482
-0.056385203919491 0.122670568652896
-0.240412832962555 0.151211314029599
-0.500772029991799 0.156180840307863
-0.560957255370392 0.00908166172504848
-0.576044328311327 -0.277549475701676
-0.354246422019071 -0.245860191190956
-0.20306468881704 -0.0739040771164143
-0.195166353408272 -0.00600732527914339
-0.263943739269785 -0.0844740780492471
-0.144682294700867 -0.159288738937724
-0.0543262180821215 -0.0279155997225666
0.0638093592884429 0.0108903467427609
0.0535126633524794 -0.00970060845549719
-0.0180238388223316 -0.0834228651410823
-0.114174377207385 -0.0718381073033688
-0.169802534883283 -0.0740114098267095
-0.130103679816731 -0.0561339527762539
-0.0900690225607018 0.171724976136461
-0.036294491083732 0.351044654112261
-0.059864562124071 0.410196685792074
-0.0667521010837085 0.394742027972018
-0.0568913008483505 0.291237904009772
-0.129791441307109 0.159979490083424
-0.389027737245293 -0.0613990930680103
-0.390938263916007 -0.249376441404993
-0.327372316730911 -0.206640018936946
-0.0515527482401656 0.0528533422918552
-0.00522871264098583 0.0687487560638861
-0.0457763465352813 0.118027593491146
-0.0901300201317463 0.150192377933385
-0.321642840401328 -0.0369058316204332
-0.338301398675953 -0.029258800961161
-0.366701436611024 -0.00960349233688082
-0.174303510723878 -0.149969795154742
-0.226951642689216 -0.170298200726621
-0.113606984519887 -0.117856815325649
-0.0237456742290549 -0.00544450805164365
0.0584692522291279 0.0594945908949479
0.0595814423819596 0.0164995163350173
0.0185776483663249 -0.0745718647038509
-0.0303182460443785 -0.0974961927557307
-0.0898345416156737 -0.173565901253472
-0.0231498828585486 -0.0557657318904619
0.0200559129828919 -0.0204984593280317
0.0564683385248577 0.0734017486986643
0.05517426028869 0.0569954362251235
0.0425660494304162 0.0335379246717306
0.0413225718561593 -0.0101483682436244
0.036020733023741 -0.00897126358227637
0.0553242938970187 -0.00359059420902858
0.0656539516656171 -0.00649848447894101
0.0757148333028919 0.0832300861472982
-0.144629524590522 -0.163955630815585
-0.272439952948131 -0.286985815572438
-0.461080910294798 -0.398456013640835
-0.216297412171429 -0.300273360787548
-0.098205839248523 -0.169514003262345
0.00203020689725049 0.0198187900210253
0.0484041260489878 0.0597604486341558
0.046786192314392 0.048140646414785
0.055536415174959 0.00798791296000782
-0.0670116290023584 -0.178043772026747
-0.138066131229688 -0.212509287378161
-0.167455128281782 -0.223132527986198
-0.138090069484557 -0.10343587549659
-0.109457982488226 -0.00110139482804003
-0.0664181889181177 0.22470454823545
-0.0886301358706886 0.42724207839329
-0.109154229197328 0.394964398521167
-0.0972761221959441 0.36041948802719
-0.118517376037574 0.302525573097788
-0.0769001235899964 0.405371252469776
-0.14147185484769 0.279020514886281
0.00976884588234057 0.177272782588987
0.006697909724103 0.175382331930395
-0.0802495533051578 0.16697928648138
-0.116296696659642 0.0877728153865222
-0.136165303835744 0.0526602577020625
0.0397160767202618 0.164088649059601
0.0132225752760434 0.151645008224773
0.0117151772760108 0.174990957780814
0.00626022046727986 0.185886686461757
0.0273903376785174 0.198494984834674
-0.115679934479966 0.0472725945026758
-0.289174806305514 -0.0831227574090057
-0.524656872953538 -0.212368421698681
-0.256213765119002 -0.0766605286815465
-0.0603105350029235 -0.0375156590005699
-0.280673313999983 -0.0689023636202304
-0.226298045182802 -0.00386792790943233
-0.323888765931753 -0.0184777464853946
-0.208675266325063 -0.0565024565891469
-0.128438039610276 0.0033425752458396
-0.0729809276017745 0.0704016643587883
-0.0627706302802696 0.000347731776716249
-0.0617722512524631 0.01726735190024
-0.0214530661770591 0.0483637394522572
-0.0244185279253588 -0.00401914522801852
-0.00123622472579604 0.13219156269849
-0.000180160099034248 0.106569665283049
0.0135712550575035 0.106017145491381
0.0255051268075934 0.150206417688615
0.00917483442194371 0.0746272386794767
-0.066218774641806 0.0413920052698737
-0.280020017788069 -0.0729704202506614
-0.355169010763527 -0.215985136315556
-0.362566047477257 -0.264719287853223
-0.173002838248747 -0.169035012948938
0.0111437391146281 -0.124542035402088
-0.0526041388868631 -0.0949303542955122
-0.112504128906747 -0.0735585555747355
-0.0661503871165696 -0.0554444101383667
-0.0247199474661828 -0.0343662367770891
-0.0521588101187823 0.00767194107187869
-0.254207493468798 -0.0584249359232553
-0.313196759846992 -0.089661534609464
-0.321142976145469 -0.0234230736976311
-0.159992166890822 0.00378115518490575
-0.143199885226981 0.230391465758637
-0.21434390048886 0.217092589132333
-0.0104152378049734 0.167445167944704
-0.00775351790378921 0.159559926906487
-0.00639480123097047 0.112928985516535
-8.65681163050161e-06 0.0947576067604125
0.000468074222481094 0.190270798140951
-0.000742832658916718 0.17931229218847
0.00449593936495659 0.147002075214583
-0.0321544795903209 0.162619321316874
-0.0719395419031234 0.138374447697385
-0.0249911055916127 0.143302826838088
-0.00126913269304246 0.133570931992279
0.0237057754159081 0.120944446551955
0.0213172649930703 0.137450183596096
0.00458309545827775 0.0562768872073152
-0.00101622694092638 0.114449194682682
-0.0223164792681557 0.0884525692138429
0.00902885927760641 0.129767420466622
-0.0233067470898793 0.146618439015942
-0.00229862615513187 0.113668621349413
0.000590848802857614 0.150407673179351
-0.0173541651326732 0.142396755539589
0.0129681810017876 0.104371552800508
0.00585914269945604 0.14908630411447
0.0250985065236051 0.105749516066496
0.0312966065139287 0.0984489846251363
-0.0109494757763702 0.164585085294484
-0.0123885067124679 0.0892653004551287
-0.0108974909501063 0.106486868092846
-0.0751889456375979 -0.00452637800296176
-0.250182776589435 -0.0760552960045622
-0.401364605986301 0.00363157721547779
-0.368949877721497 0.0254262930597524
-0.263115362012222 0.265245218035736
-0.134471685801802 0.0908272067776865
-0.0501020218550656 0.231731982893852
-0.112419702328067 0.32146338266858
-0.0564028210774715 0.357869021960701
-0.0577885965643646 0.301540946164089
-0.0573932052792781 0.325499470388341
-0.0646366662707613 0.333080195726637
-0.030494663739774 0.311518376316996
-0.0731921564569342 0.247434153897342
-0.0606671138911374 0.209616866805472
-0.0814170345468915 0.177809335617115
-0.0691431545537078 0.212590490960308
-0.0441920597901612 0.337698386241636
-0.0374361861323184 0.344069263335429
-0.0146758597808263 0.366375648555998
-0.0329507204700984 0.226114512169257
0.0018407066899603 0.123131418750174
-0.0348368811531152 0.114271079555875
0.0280147471279106 0.155156319407266
-0.0185374146217205 0.11007815859448
-0.0278459858044379 0.0789804807520058
-0.00388234201062138 0.102048615071562
-0.00644361932094781 0.222804338886987
