0.0420307519965137 0.0684383133564392
0.0475515754606635 0.0621509774841651
0.0492579804042835 0.0465677816002165
0.0584035660952537 0.0478238884871902
0.0621001188538619 0.0463097500488157
0.0542847047757895 0.0196356152345164
0.0336343791906465 -0.0161469135282367
0.0255902790682222 -0.0421480943491704
0.0582095848814982 -0.0273914089949638
0.0722489817135557 -0.0339452566624849
0.0649984249287875 -0.0176693361772416
0.0269794406355728 -0.0455885546837736
-0.00792133764558977 -0.0971094303594738
0.00908288726009137 -0.0472701732655957
0.0155912622367826 0.0129772902691054
-0.0129614920561264 0.0310286996117768
-0.0413533198318468 -0.042035749709918
-0.0394533728605051 -0.0751436458870376
0.0209829466620556 -0.0353985449403578
0.0532468226567742 -0.00973932059227202
0.0415290305093762 -0.00106599213768854
0.0366724739892727 -0.0139065761092887
-0.00451697580775214 -0.0497461724978712
0.0353165156689518 -0.0182375764965836
0.0597755745193145 0.0140003932251048
0.055880135828724 0.0231005413533994
0.0401846627501492 0.046773155355694
0.070632313011286 -0.0237925716712841
-0.0346655312970996 -0.149777084349292
-0.244522619149397 -0.228653286293873
-0.29598177602155 -0.272045452830097
-0.158874663102277 -0.15900249089354
-0.0315701967015154 0.0805271049349089
0.0275666598780574 0.158888334250901
-0.00752978055766996 0.0999855487791987
-0.00426894032898222 0.0827489053770428
-0.0727684829709897 0.00337056511987138
-0.147547178731886 -0.171546781560343
-0.534619905154779 -0.386910964141217
-0.449555027842953 -0.256374245772637
-0.36250430709291 -0.14765888731199
-0.376947029549815 -0.150937417706682
-0.126630325788595 0.0483790440090129
-0.0826742037060942 0.195039677365914
-0.0549390617892215 0.280618198755678
-0.0309779772183208 0.274473757572438
-0.00422593874505907 0.264770335832374
0.00209742918721089 0.241954976930192
-0.00152962212695838 0.241240109116773
-0.047157983587085 0.144749775727263
-0.147825060656097 0.0594965562313013
-0.146413599826517 0.00688099495818509
-0.0577177717946742 0.120124335112211
0.0409610679435448 0.157459224417221
0.0552296965399684 0.0908326394029156
0.0277042170742224 0.138253722352375
0.0254224322671397 0.113219440824802
0.0339316243340302 0.0804565883061975
0.0137906953777632 0.108836401058378
0.0154022085009088 0.120481558348226
0.0297904518047911 0.0778741377884553
0.0318655990486883 0.07496713854257
0.0408814239680073 0.0762465675688739
0.0489053154407504 0.0593092840612899
0.0523918107493546 0.0453957108164914
0.048504393999732 0.0425230149351727
0.0272679254618532 0.0338392108121555
0.0171009498453407 0.0190404267397445
0.0223742504106235 0.0158851149813409
0.0240438940470587 0.0555217343738335
0.0235354486349777 0.0522435986903723
0.0381241659538123 0.0427744426572838
0.0297756456477478 -0.00868958535934012
0.0527995827767695 0.0364276473201931
0.0454266604252769 0.0452333180031421
0.04548229204669 -0.0025408846018868
0.042008638877011 0.0291421129136136
0.0213188259154523 0.0404849537743247
0.0424787434648316 0.0179489589905971
0.0225029968434618 0.00560300775194711
0.0563874596459097 0.0291028735412532
0.0647752865172406 0.0318556950411331
0.0604627695855456 0.00408738884150452
0.0469881568854588 -0.0038638948187973
0.038623205362251 -0.0162405956552127
0.060945931667866 -0.0146971055580444
0.0493766076738727 -0.0218859587392555
-0.019044972912025 -0.0751699195008667
-0.0768671996067566 -0.16334027362805
-0.0256456129128393 -0.0496246545354875
0.0209769547490521 0.041757333203102
0.0677464777535226 0.0248116208056021
0.0271380077213084 0.0917245367878814
0.0372445568969903 0.0249756345635957
0.0259332057973282 -0.00115400661857489
0.0269344886774592 -0.0118556112792834
0.0413861126259937 -0.00800441126121441
0.0426360409935009 -0.0355812127785802
0.0542313419330059 -0.0298645317217843
0.0767141402367674 -0.0212026594970939
0.0647135103391113 -0.0394777840020989
0.0403813841375964 -0.0619662960526302
0.0298118386434378 -0.0792826965391124
0.0473807552838004 -0.00652119262828037
0.0444219595106051 -0.00329942928339948
0.0551052565679288 -0.0295297529621757
0.0279776690753805 -0.0315563560348899
0.0609724127953651 -0.00913488490820592
0.0604656576243744 -0.028265222380862
0.0569633171266545 -0.0476802994185481
0.0608664922906774 -0.0368186771065878
0.0651769478987422 -0.0480732117156422
0.082109443636075 -0.043033705908553
0.0183165149032354 -0.0768632948130605
0.0225846932608213 -0.087478148816515
0.0412071571307693 -0.0518568018171142
0.0510854778792776 0.0316717687787739
0.0172995105866831 -0.0414665908465364
-0.0250320341412169 -0.0903504500905397
-0.0134156683335624 -0.0755781341647071
0.00694702646625621 -0.0805695860825235
0.0284965466663325 -0.0543725374440709
0.0438943502956096 -0.012881277513401
0.0622720036368669 0.00283388634767845
0.0720970544100365 0.00608213976723918
0.0560926758947876 -0.000133180016599659
0.0556121608781966 0.00457698479720353
0.0303178308960992 -0.0458526403904076
0.0540057204635686 -0.0172391766528759
0.0580085531367764 -0.0123842853399784
0.0801601570065008 -0.0207292890473445
0.0421628958444161 -0.00171687973097038
0.0296539492305098 -0.102011466409723
0.0647489440796363 0.00317327648362573
0.0769513392781324 -0.035623720280345
0.0351845902926086 -0.00280292904668102
0.0703489621967295 -0.0370445490866881
0.0655100749936328 0.0141394426323058
0.0705540261122572 -0.0154234843305031
0.069754811417429 -0.0218448916352577
0.045329790792293 0.0172141010130938
0.0579480279987528 -0.0119045310798512
0.0376969780139132 -0.000996454351799538
0.052395367200832 0.00864493205478817
0.0718941088231784 -0.0331880901921844
0.074944117395025 -0.0439656108256448
0.0686477108512308 -0.0422227527111901
0.0665336903876839 -0.0639869868424181
0.0664484320798078 -0.0506310849839599
0.0501942302356564 -0.050878763272389
0.0452718313094583 -0.0931018137880206
0.0436185561037216 -0.111894311721501
0.0593856556122806 -0.0194231628653225
0.0423913791584271 -0.0414566386998331
0.00350249150601463 -0.106409025239638
-0.0421127430293153 -0.127027479047774
0.0107867471237645 -0.0837133942922312
0.00693080784266036 -0.0177498534549742
0.0549872206032387 -0.0351398311045168
0.0499247651964604 -0.0115376301419786
0.0692144744255012 0.0117310890856444
0.0615090761410956 -0.0398359376564587
0.0465283003068889 -0.0334244029124042
0.0593730559470932 -0.00691048637289805
0.0703636922149503 -0.0301699571819682
0.0306396048677275 -0.0201402397015273
-0.00417055600376737 -0.0695323844241495
0.0580405089367823 -0.0379174648749633
0.0569673774736139 -0.080793709736188
0.0428165480859176 0.00973273276613441
0.0148457461745042 -0.117924840765731
0.0291389921589129 -0.11202631998112
-0.0334204291459117 -0.163513657390084
-0.143095201227718 -0.159989687261899
-0.150789928320442 -0.155230996397856
-0.0751501773788714 -0.112567803661761
0.0230543345550674 0.0588554807690131
0.0212631287929209 0.107617797349927
0.0384964548537273 0.05585680570719
0.0365725977832539 0.0482079448146263
0.033222557567453 0.037683830548442
0.0505494064694248 0.0263209041505705
0.0408538547314576 0.01406372843016
-0.211654537636182 -0.218046232751963
-0.417203940855163 -0.233460705684739
-0.371226876516113 -0.17704478098482
-0.344223159702539 -0.0779181276745939
-0.309259352934437 -0.0482846504331445
-0.13796045648604 -0.0310451353874584
-0.10362319335727 0.372117133999245
-0.0846703360269347 0.428468148639728
-0.0627661159460871 0.403778516268111
-0.262909286363927 0.269350179405456
-0.549854783112159 0.0340545815630443
-0.52610132083212 0.045298169179115
-0.245259206825228 -0.0294472674577175
-0.0790409420731144 0.0417440196966015
-0.0323253138673386 0.331938631856453
-0.045794480502246 0.441954800976446
-0.0433325753856407 0.440528884974422
-0.0472381283303477 0.334836630982109
-0.0352448560824611 0.340905909341339
-0.0728249384835722 0.27753675344666
-0.0314700320617614 0.317703128065916
-0.0436295774552122 0.317312931438776
-0.0176085311882248 0.338292830430645
-0.082712165185813 0.310550437773324
-0.0746673117017016 0.339249439085524
-0.0672792589329317 0.257433192233477
-0.058867781362727 0.403910296193561
-0.0887363008333654 0.390547078265643
-0.0978261613550339 0.292727408130366
-0.0895276072846196 0.41966787355339
-0.0540911070739209 0.35602135223996
-0.0538661000239158 0.504184944305143
-0.0729530015350789 0.43808584008559
-0.0542109702108361 0.365858104111858
-0.0611625048348018 0.272454341099355
-0.0508836117577458 0.400426782017334
-0.054092341266052 0.388814838463351
-0.0598958252948266 0.352086085023446
-0.083770233064104 0.32391525960834
-0.0611920641450253 0.340981274404831
-0.0725094710041761 0.380550872464304
-0.0745584976198081 0.441626713137789
-0.0700850687112692 0.408267788058035
-0.0602590272527894 0.436387522763462
-0.0601850521369282 0.407875252913536
-0.0985407598130006 0.359165630402511
-0.134443093172056 0.337506079940489
-0.142960525423444 0.194195116198102
-0.17812345338004 0.342417367736937
-0.140435346930875 0.304124240301351
-0.187903923158479 0.187061667928616
-0.312258581562602 0.0332497318873796
-0.448453084613713 -0.114366911919404
-0.437022828562564 -0.0905273607927446
-0.358189314801458 -0.034243972744921
-0.319787395881035 -0.0158592645037143
-0.337146190303504 -0.0494734964130989
-0.171753985717227 0.0560032279085138
-0.104402896993182 0.203388065824604
-0.081089109960378 0.462137427554424
-0.0544018776783375 0.381866103072289
-0.0681401003068767 0.425275573957696
-0.0732197186299851 0.427113543259941
-0.0548333288313499 0.360319299022604
-0.0472162074329397 0.414058244528215
-0.0397944895557654 0.339783453554182
-0.0697262174507947 0.305357343453287
-0.118134393185962 0.184481594019343
-0.170138950567448 0.154209384079229
-0.194070072289257 0.296546021871189
-0.0705459583299888 0.233225611726251
0.0167075979722579 0.129094081011516
0.0291080492819837 0.129279635091312
0.0327885927137605 0.165197136351053
0.038926758211002 0.166798854691685
0.0537543462644914 0.102759963260781
0.0446246939720231 0.066368428062906
0.0173061334394929 0.0983398846079648
0.0354181115694166 0.0451125280571131
0.0369298102040073 0.0256157706128953
0.0698858747518298 0.0263096825493649
0.0671854104258865 0.0446947514006627
0.0665262480508473 0.0292534501041768
0.0596815966147167 0.0433313643689424
0.0404297660286998 0.0476142526676901
0.0504202673567362 0.0653632240175143
0.0379699656835395 0.0346324334500467
0.0639700920224973 0.0437066539431775
-0.00843667578530679 0.0169292806646921
0.0330948965294759 0.0123654236882111
0.0179072775751943 0.0147236868566105
-0.0896905816249968 -0.0674083017713085
-0.427743010747629 -0.266230581031059
-0.478442817555123 -0.216518718073069
-0.429098921093061 -0.124521744297135
-0.414638620267094 0.0147171526214589
-0.309953192551898 -0.0188207916851145
-0.261529992929097 0.120425824943365
-0.146722443987447 0.197604425104524
-0.0347691736914604 0.193728418017012
-0.000177893635776123 0.158360191334563
-0.0172282297216552 0.116336273753364
-0.0747730577460566 0.117966189236191
-0.131048921238203 0.0236989118489643
-0.270926039000475 -0.209175809295705
-0.230052159301391 -0.2981622998846
-0.167161937640384 -0.173311651662122
-0.0284712166755722 -0.0501435692781264
-0.0287384366077008 -0.0566048598835739
0.00410698300273809 -0.193202293084203
-0.153246654266146 -0.148933242402015
