-0.0513712781965062 -0.306543534619278
0.0126803682246141 -0.264876683431957
0.0364643610736913 -0.0213818257759034
0.0450748631467128 -0.0617492735092148
0.0380257290473573 -0.0637101429758323
0.0448363247127682 -0.128181847786831
0.0721085908068075 -0.130376971377418
0.0809623761329879 -0.143257067273883
0.0903293852840276 -0.133544102256617
0.0878997910484554 -0.138644312024715
0.0683452208616151 -0.137555901569973
0.0734270942723689 -0.130426095031985
0.0807740753713056 -0.11917905311738
0.0755190381446921 -0.10368821892996
0.0857947981949975 -0.106183091024868
0.0420107494472992 -0.12560657070995
-0.0382964644246246 -0.104587485937939
-0.0280056172389292 -0.130694120573576
0.00820854166053757 -0.154310734431714
0.0457051259716479 -0.157740798961821
0.064970987773743 -0.155475752455746
0.078969734185642 -0.167013076409774
0.0772178861610862 -0.163899411467868
0.0751381798320854 -0.149327757649342
0.0729864901156959 -0.153207298038168
0.0823581323732201 -0.141616095807684
0.0878223206837538 -0.146682664032685
0.0916975269616492 -0.162697418928048
0.0924794157522351 -0.162310505139263
0.0907339916155978 -0.174296319755815
0.0693512718392263 -0.213454141778026
0.0612706418084945 -0.198502744790505
0.0747139195884389 -0.211253841837523
0.0742430647667747 -0.248726014507067
0.0408834044135862 -0.281990996410478
0.038365646038237 -0.312285868305464
0.0647318906640803 -0.177754494366259
0.0923303772989135 -0.113351161320961
0.0971883504917711 -0.133328032764343
0.0893937205381904 -0.153172425241253
0.0733374980970417 -0.105826189162064
0.073160150028074 -0.1056110919852
0.0973008920609004 -0.0962997698839187
0.0709994484621634 -0.127805305876868
0.0660766211277005 -0.112997743353048
0.0766185742393082 -0.125018712107348
0.0727697496738137 -0.133331211273008
0.0654753832755103 -0.132041344491824
0.0476042401318728 -0.141423021213205
0.0758935480466722 -0.109736696199544
0.0869274585504346 -0.110340253443474
0.0898678159178857 -0.0953156134743792
0.0704922380835833 -0.119995437667754
0.0636062686161514 -0.126268291032336
0.0612589493794793 -0.123957025032031
0.0677860761572662 -0.127804676492224
0.0500154043377491 -0.157174220657818
0.0226521815989637 -0.180365037608682
0.0557773147082539 -0.159125024646321
0.0967160046355164 -0.107001603937621
0.103334333008359 -0.0980991527613473
0.0954082085349245 -0.12126620952476
0.084768988636341 -0.138295746243807
0.071061036439185 -0.162761934124178
0.0758259183344125 -0.148763380019012
0.0597023467546262 -0.166995216241413
0.088040976947806 -0.133395399778383
0.0861756762138911 -0.142294233855584
0.0920863156082216 -0.134959315734035
0.0777697819715402 -0.136552857396576
0.0810548302685066 -0.136522339140085
0.0757045740375526 -0.142674399258949
0.0836090805076491 -0.143865413826512
0.0141885594327772 -0.249544365793447
-0.0185540570609412 -0.268027126168432
-0.00479634743564188 -0.244381097801918
0.0912689475291125 -0.0721899697604693
6.90781075938019e-05 -0.165197987498543
-0.0221102708686596 -0.193093799721763
-0.017202135192461 -0.160119619723494
0.00743243435936987 -0.150923649575401
0.0430137272372901 -0.151732300938119
0.0481739543973586 -0.158319547121076
0.0860954485328173 -0.147003687054567
0.082620957529115 -0.161378428753305
0.0815082841485865 -0.182868345890472
0.073345204066759 -0.138194658061568
0.0694335044977444 -0.104624112639329
0.0674017732977213 -0.0970917949612174
0.0636089226552735 -0.111408914399536
0.0678493919642748 -0.117465793843967
0.0682901632369335 -0.115775461009631
0.0741967599244643 -0.115108003826568
0.0634328606232319 -0.126105442483551
0.0560743876667492 -0.144897675313654
0.0484374832612631 -0.146852951100468
0.0720920953321646 -0.120455560284841
0.0736822781811051 -0.108828936253803
0.0857397625715655 -0.106032296643883
0.0822357354712955 -0.113611773974034
0.0828372295852246 -0.111707588837051
0.0705256230977129 -0.119269813255549
0.0403390486300433 -0.15757353729998
0.0427492591272415 -0.175032900789795
0.0626039104855581 -0.168397256786563
0.0531262066150747 -0.177219594010018
0.0496217912825764 -0.155556323954935
0.0226533533064944 -0.184137023318165
0.0596072790647682 -0.157377419957983
0.0898277363813308 -0.145632180289424
0.0967449355799501 -0.154026423787538
0.097277997489674 -0.140521285966146
0.0915221100768007 -0.151649854405955
0.0897230278161579 -0.12981364589507
0.098304716061435 -0.120560950537751
0.0920226015456406 -0.123130771991409
0.0946010483860893 -0.115226730809206
0.0908897411595415 -0.120245648195951
0.0884797717447042 -0.127206744066939
0.0803560020121413 -0.141137297538891
0.0670965254476667 -0.156609999510215
0.0784314120023352 -0.143938155507197
0.0859269279328327 -0.135730135896365
0.0825881495648917 -0.144048386098511
0.0815701726997418 -0.134054682486153
0.0809697418065591 -0.13593027447879
0.0911859008496721 -0.128210079536882
0.0857570593469141 -0.130277951956513
0.0720854329297614 -0.148338864116577
0.0728552084915498 -0.151740192794344
0.080911239302998 -0.14903419858597
0.0796255443326219 -0.151527440854796
0.0773943011775709 -0.163448149028056
0.0772181432102095 -0.164195254175992
0.0879455406538304 -0.155925634637244
0.0919747775461601 -0.153334359141381
0.0937822758099517 -0.147806374559055
0.0979805667698723 -0.154729868260628
0.0854549214834926 -0.170863411752536
0.099635129215526 -0.151555054268965
0.0994702881179143 -0.156813183146704
0.0849343384127712 -0.133398559972851
0.0728335584368793 -0.141781224711113
0.0602108946103896 -0.142270064641701
0.0644894362915038 -0.14456373712751
0.0793319506209188 -0.128780198309621
0.0286985616247073 -0.172533372505507
0.0298814452948698 -0.165792600424726
0.0245927264062772 -0.169206673560669
0.0833435685082864 -0.132402612793413
0.081836297922204 -0.136626632856186
0.0866787576023733 -0.12710029346169
0.086867857040975 -0.130904432315686
0.0908173056959167 -0.129882917713517
0.104782632953891 -0.112592375952265
0.103026464585879 -0.130233912598059
0.104843941704093 -0.113101166431793
0.0710504312483986 -0.137079137107973
0.0624104798867723 -0.134879561445748
0.0604825815414384 -0.131329607855135
0.0796384741835285 -0.106378321030244
0.0775233124927376 -0.107803912590399
0.0427036068466609 -0.137275139607769
-0.0244907960291581 -0.149166310136867
-0.0290013714439928 -0.151629967210487
-0.0185459510164985 -0.141524266869355
0.0352907845928176 -0.0764686252165407
0.0276246244425031 -0.102129550343982
0.0411165265109633 -0.0971879966707098
0.0696738883464939 -0.0849239162475486
0.0710624940730278 -0.0925536009560255
0.0713856408472437 -0.105020450396026
0.0531030504634919 -0.0590348685388091
0.0394160604431003 -0.0225446549584071
0.04437674491042 -0.0343295608207595
0.056664159581326 -0.0314532773725655
0.0373126148482997 -0.0250287429123757
0.0422202301119264 -0.0384912843135961
0.042312218801668 -0.0525679738794881
0.0562796487782537 -0.0285035355885554
0.0529187519334957 -0.028719874757061
0.0645264615824996 -0.0576991753841684
0.0726381303253541 -0.076419952183309
0.0735384368262785 -0.0744710744183787
0.0741397007441454 -0.0809594374706269
0.0638300170837786 -0.0806118984686781
0.0363595121503138 -0.0694138345233784
0.0361198741825828 -0.068865012519457
0.0464524653985305 -0.04860105862315
0.0560766787811069 0.00384009035835949
0.0537577703503581 -0.00588741021748874
0.0398009851655797 -0.0145277315553899
0.0492862347561875 -0.0200541624956847
0.0378296960757326 -0.0332562970377631
0.0328488761022463 -0.0274937385882908
0.0518248578872183 -0.0214463047740229
0.0794630159313188 -0.0151666753126707
0.0723722806276731 -0.0351449057262793
0.0619133457695425 -0.0391362409942509
0.0090910003352227 -0.0787955909923755
0.0144094994229918 -0.0451308737614467
0.00524891961878991 -0.070873404945252
0.0473127424844522 -0.066887278729447
0.0390748284179272 -0.0854957922603111
0.0740037864489697 -0.052803938730992
0.0562887321399545 -0.0967898592053442
0.039481993331518 -0.111919439287729
0.0324615790372362 -0.114152828741615
0.0611656397712683 -0.0669640000381795
0.0546908510560414 -0.0736012344291576
0.0551648909401116 -0.067640485408996
0.0623319227220879 -0.0629068636395228
0.0702525884967451 -0.0342002057174863
0.0524955654633979 -0.0816417591018041
0.0395938562590515 -0.10849851209161
0.0318165968041692 -0.107704065369704
0.0562046688259984 -0.0989963267952469
0.0668361348194057 -0.0832069816494045
0.0729100709986024 -0.0679691262406725
0.0823392733425379 -0.0300183448352078
0.0885858614486121 -0.0232756573821053
0.0873028844630867 -0.04267398210867
0.0724052493027561 -0.107260421134738
0.0647534093516936 -0.115923162436576
0.072413476720947 -0.118714939567997
0.0749972253238472 -0.117478226486899
0.0750007616472389 -0.116264251559645
0.0737955684408542 -0.106149970123274
0.0696221751431089 -0.104168914900944
0.0677203205055991 -0.105352900938129
0.0663310344498136 -0.106254130576981
0.0653277689561344 -0.0860168578079877
0.0735740909091193 -0.0825038850958642
0.0545911891030289 -0.106897334407399
0.0751058904451923 -0.0904921184733377
0.0822450504379708 -0.0926490753073432
0.0925499835471376 -0.0944509293923477
0.0704039645360151 -0.109945860225099
0.0693127690024314 -0.102343216515117
0.0782561265939024 -0.116070694495357
0.072804765403264 -0.120216851943933
-0.033418211994199 -0.221963530926441
-0.0529792014130908 -0.231211915236101
-0.117411420989775 -0.274148089477842
-0.162060395502183 -0.30995632840143
-0.242811077827776 -0.344522718252471
-0.3049831744257 -0.377083138707491
-0.282186482027142 -0.394410454211913
-0.344117860543385 -0.414461508229838
-0.308918697725524 -0.304387956857139
-0.399491981192866 -0.481678596572176
-0.344518157441841 -0.48455758096272
-0.388000552086183 -0.542166660194682
-0.322625989617171 -0.435172412193979
-0.297355246900918 -0.387371529921799
-0.188729118799927 -0.342470659004603
-0.0500015734957448 -0.191769803455764
0.000572570886646317 -0.133261214903513
0.0720145792086848 -0.108035255374446
0.0653647934568749 -0.0994616809343546
0.0743350613349979 -0.0879928054447226
0.0482886787708426 -0.129247954070206
0.0487933696102655 -0.134829986211352
0.0226219642472143 -0.150577362541077
0.0475235720432554 -0.128759141639689
0.0596038235947571 -0.117967389655139
0.0477441567918762 -0.108164668354048
0.0510572144470317 -0.126525490504122
0.0686322403023888 -0.140782417236781
0.0831747182800127 -0.142965072069136
0.0842174060678432 -0.136729022575064
0.0860477995660391 -0.123372084906502
0.0867643051202807 -0.128298458389442
0.085658173974582 -0.112882880482594
0.0598643439804154 -0.103068335586489
0.0709406131910925 -0.107266233507058
0.0805982405202954 -0.0960879460137189
0.0900678356492925 -0.0840666760120279
