-0.245795790153301 -0.155250898608127
-0.274392137711232 -0.301467595672602
-0.236850842127403 -0.208380667236789
-0.119935751687306 -0.159370631002458
0.053328659534696 -0.0808994713950414
0.0454026699184499 0.0566489635640191
0.041930553867765 0.0907603459845217
0.00983837390924809 0.0400101846079618
-0.0217722673667982 0.0305951521579862
-0.0531852787821306 0.0555648712724153
-0.0549542041113198 0.0240959023723188
-0.025471210855947 0.052382556488552
-0.0205341269464236 0.0104229546844576
0.044162988771917 0.0373644580232152
0.0325474511778662 -0.0144266955964847
0.050965660641241 -0.0147538993550792
0.031446561856022 0.0274532855045824
0.0440260247021946 0.0146688159804601
0.0396738893611173 0.00543612724895135
0.0366140159938504 0.0209050257473656
0.0470329203620749 0.00443968548511757
0.0438905012073959 -0.0112534989603755
0.0383122630613328 -0.0305744120129489
0.0558859437665216 0.0105079257116313
0.05820464712341 0.0101180535942144
0.0617664242697291 -0.00033568901861346
0.0423888521630979 -0.0106850844724434
0.0298632739928323 -0.0117861986349789
0.023933465795525 -0.0193588351659793
0.0198642261728787 0.0129051408975737
0.00318351615113799 0.0319898954467816
0.0323961318449072 0.0483559952834362
0.0403128090576814 0.0745276988461576
0.043539634251918 0.0726017809388266
0.0392451898156388 0.066620975421714
0.0297399589115741 0.046064309472161
0.0268842148120122 0.031934430324885
0.0199930040153184 0.0111883593490504
0.0369331173847287 0.00996656272400384
0.0458184634080754 0.00461425139129752
0.0592416619783407 -0.0173946322793142
0.0623882321128236 -0.0174070031351826
0.0548040550579329 -0.0176496850798886
0.0515894315679716 -0.0156387987303384
0.0493978513201347 -0.0396517579713198
0.0558236774695628 -0.0494564501976237
0.0582307155153374 -0.0441376833713437
0.0494164799373132 -0.0443350210797166
0.046599143788646 -0.0247499128936263
0.0390132220658199 -0.0293997995356058
0.0265524403616736 -0.0498706834290003
0.0016957310039078 -0.0196975121754079
0.0119266991404079 0.0138570625625233
0.0434100853386058 -0.0302928539257415
0.0191762424201804 -0.00112042206245369
0.025843799819888 -0.00135138613423706
0.0589029328753942 -0.0487171376910585
0.058327299610181 -0.0537587190694995
0.0596810145432594 -0.0186908721855392
0.0645366718827773 0.00351222689207758
0.068015077069859 0.00187900909692172
0.0578559556000824 -0.00362766762496269
0.0455640667894772 0.0294421315353806
0.0460813684683432 0.0114307238013981
0.0338933771235053 0.0121027865623499
0.014107700829428 -0.0017076395021832
0.0159638678728603 -0.00889708081758946
0.0534136050422689 -0.0182282373805185
0.0504641091768264 0.0122894483029859
0.0563210165725736 0.00886537541659542
0.0435628488684466 -0.0103698475050709
0.0142171995444502 0.0187875184199591
0.0131835738609436 0.000347386961928386
0.0281765210924181 0.0225808098787534
0.0385218990644437 0.0645631616838308
0.032171193735645 0.109736138078996
0.0245949351755618 0.110057155554754
0.00986547045633525 0.0380558619762755
0.0300469025396571 -0.0173906150431531
0.02510831393497 0.0409512889208203
0.0390345608323746 0.0374166192241484
0.0177778831982785 0.0419365036771316
0.0346246314864795 0.0360179179355847
0.030365307736186 0.0405346293642863
0.0177597050357563 0.0493163983488878
0.0271066372111264 0.025912827787743
0.0348204154998236 0.0284644221864074
0.0308989006513161 0.0512094225538107
0.037010632410644 0.0645471066365918
0.0340224145156995 0.0462944066166591
0.032219257634404 0.029659772484681
-0.00211461902680474 0.0267068121281171
0.00555237950665438 -0.00685334715367556
0.0120569988617169 -0.0144633130252096
0.0341692740772103 -0.0229365984504493
0.0575159574267317 -0.0256833663469386
0.0541520580179972 -0.0276104064046182
0.0579383507510874 -0.0241785844835025
0.0581872736010309 -0.0333967640353771
0.0618705864219068 -0.0144105965509393
0.0596453571072985 -0.0254667965937869
0.0494468801287926 -0.0141842592917165
0.00661867545177829 -0.0246636947972912
0.0341361523646216 -0.000383859397224957
0.0489508177872228 0.00371812229172997
0.0568722490623539 -0.00376713156074936
0.0468444196568827 0.0241129119728949
0.0411333960355224 -9.70819410986082e-05
0.0452918021648744 -0.00251639920072678
0.0329486436585693 -0.00269558176274159
0.0565792500168241 0.00439398412450398
0.06348506503282 0.0284914010782253
0.0618818508151693 0.013240006395956
0.0550900971927602 0.0149035744143002
0.0321831570703931 0.0170922807592302
0.0272275506413064 -0.0132776223336088
0.0117111327956114 -0.00728687830044742
-0.0120322363313815 -0.00971882283964902
0.0266467911541638 -0.0155102563434295
0.0496485949861614 0.0684367762146236
0.061801180700317 0.0512929319786453
0.0582471529170518 0.0273074510026528
0.0218038321516046 0.0190392414608175
0.00792777660015867 -0.0136301604246171
0.0312657050952489 0.0152320519374485
0.0210435224004191 0.00202039103849605
0.0200999286359412 -0.0217133130771858
-0.00335717774197213 -0.0207999520513575
-0.0245604542212642 -0.049177064185848
0.0257823069805076 0.029762400621988
0.0275164996482708 0.0478743510522465
0.0443691450985534 -0.0106335643914509
0.0260562278572301 0.00706098395537124
0.00410628295086625 0.0183628881269267
0.0466172164066566 0.0507331761930114
0.0519859688804341 0.0611199145312769
0.0427178617583713 0.0632058257885655
0.040870860001855 0.049631976730452
0.0158641783131808 0.0602121191424131
0.0231051523113172 0.0711665881971556
0.0224061388568524 0.0564856630902987
0.0183235764583107 0.0394762388879139
0.0221883495783912 0.0328220976003267
0.0434354901850244 0.0591897145429529
0.0477833203243411 0.0490415647029657
0.0525580645283414 0.0113748542602313
0.0254514152166364 0.00664402406205936
0.0311495629984186 0.0212640585581847
0.0431023196002305 0.0210465266161625
0.0461244786914104 0.0236376808120065
0.032349834937592 0.0176979210419506
0.0365527067284342 0.00722565117148059
0.0426556904061296 0.0102485895190743
0.0480688085954171 0.0106306464931223
0.052742153982337 0.00963059317026792
0.0545736831582166 0.0201755405633837
0.0544952015133756 0.0408287191946061
0.0551375969402136 0.0247314053623226
0.0410432065763762 0.00836865383095381
-0.00886448566862808 -0.00565165671640048
0.0189193224379 0.000595844270259943
0.0357114466860999 0.00638686239969504
0.0365101329742635 0.0350298842454824
0.0307071462711217 0.0250853291182245
0.0209314598680437 0.0465104156350147
-0.0229485921468943 0.0133528351419388
0.00471745603681203 0.00893098877659807
0.000489309006487 0.00870788822289829
0.0418980101642615 0.0239600014082218
0.0445481707072921 0.0270807896071291
0.0492226035526007 0.0397656724428375
0.0416855102722122 0.0492439996157647
0.0190553150854816 0.0181856597056537
0.0147756626903221 0.00799362340543875
0.00466262240151568 0.00126251735804437
0.0385802878980167 0.00402048375036786
0.0536740090320875 0.0325741367900389
0.0516601605116883 0.0137216041580101
0.0578075093379401 -0.00350191827379494
0.0210604341670305 0.03630260388132
0.0197042821077618 0.0342379157134281
0.0417810937803151 0.0254056386780952
0.0488173829703434 0.0255730021835006
0.0500043334400123 0.0293894534957173
0.0436055607899809 0.0234687535627152
0.0275793503622743 -0.00721674647978567
0.029545444586216 -0.0043901367006153
0.0476457287808666 0.0211820458129721
0.0524290292978783 0.025950807489472
0.0472141980525578 0.0389780462042891
0.0474432702578782 0.04347949373202
0.0389294082042013 0.0330146238370949
0.0218349742911645 0.02205322033608
0.0226096805500427 0.0172993960212609
0.036948631823031 0.0234715902343686
0.040585180221096 0.0216116275893575
0.0386303341058379 0.0403107794277508
0.0386111548517133 0.0211899204775407
0.0351877160042386 0.00819841164355427
0.0159883269819339 0.0375729614527784
0.0294107842109518 0.0583732392796025
0.0351868938313925 0.0248489932814654
0.035306234559308 0.0420288758124659
0.0198834107530889 0.0261126447906399
0.0494408539041097 0.0112855079873853
0.0340725511525133 -0.0135770336855045
0.0422418560395207 -0.0112507332896887
0.0248111934198577 0.00583354355108607
0.0448771469552721 0.024603844561874
0.0406965686993004 -0.0149128072544884
0.0262589286576832 -0.0102263562803371
-0.00328252511615018 0.030420330457493
0.0174461817022884 0.0269161508351057
0.0464794779625877 0.0664084120550023
0.0519500167819186 0.0690084965218776
0.0567654486066898 0.115890474506602
0.0358613302294346 0.0767756611892561
-0.0214552333337948 0.0766418155952372
-0.0878691285655893 0.0563382980470838
-0.0478598878897382 0.0572391228532332
-0.00175127937472664 0.064746381209157
0.0253842312590161 0.0367460726201405
0.000941538602782818 -0.0101356466327549
-0.0109502146263502 -0.0229607984480727
0.0259991786514333 -0.0125565852797886
0.0627512929376389 -0.0138133396934387
0.0526687286566459 0.0130958050037606
0.0495513105100193 0.0148272860933677
0.0316630876063249 0.0182145796014868
0.000210028796303083 0.0351302695691973
0.0234934174171195 0.0468066319335261
0.0248176139154165 0.0313073328945798
0.0304570679941436 0.0153877419317944
0.0333093343939471 0.0215499055945749
0.0431308006560478 0.0226887027691787
0.0351069277545924 -0.00242575292341015
0.0252186202542905 -0.0184493281058717
0.0243184003020982 0.00392481836772957
0.056101194776877 0.00810372470998313
0.0489764195875491 0.0164372967365953
0.0555121539319795 -0.00182052475192099
0.0499451790925301 0.0309996301591938
0.0365155825934712 0.0748801396136897
0.0395793905578987 0.0354938056330794
0.0180513916265882 0.0625952115316104
0.0297855659228712 0.0728447310774844
0.0159189225901496 0.0565308175288284
0.000582032873387352 0.0659410549418763
-0.0113456370295109 0.0142383665305173
-0.00834724703778994 0.0089132685185491
0.00920510036031351 0.0492585081092286
0.0370112395891066 0.0615729931625297
0.0359183561879596 0.0235154033608322
0.0271508494812156 0.0519719948571229
0.0161217374482155 0.0810906511240506
0.0196102180083309 0.0999094474522288
0.0231269658598364 0.127274049543434
0.0127344403885108 0.12234197937011
0.00542377113545238 0.0903445538495135
-0.00249431712083511 0.0797627078968825
0.0149590108617081 0.0798122319886098
0.0303927628153493 0.0685978793988556
0.0237736858597627 0.0604854527234022
0.0366193784226144 0.0915852506606122
0.0445697958360561 0.0885996189534873
0.0406731392586166 0.09329786899703
0.032368069640869 0.0646310509768015
0.0229059626457775 0.0348685169737445
0.00855588762576026 0.0678530958628062
0.0136811782472477 0.113219641759917
-0.00711800370471928 0.0990741623599165
0.00309305114047931 0.0647790342574078
0.0110495201267542 0.0719090818057023
0.0381686128273257 0.0578490467792283
0.0515132817674849 0.0276973983770532
0.0250049791933417 0.107784318084558
-0.042835802501668 0.0504535140789904
-0.0814845969360716 0.0634067188588768
-0.0891704667540982 -0.00611828869310404
-0.080997472712238 -0.040258314120347
-0.0478994732486168 -0.0320939938765036
-0.00294147796995919 -0.0141071852822987
0.0525539716934307 0.00677611258365826
0.0550612104093211 -0.0033852903675261
0.0503113874617098 -0.00336467241031804
0.0507340187024874 -0.0013170577356317
0.0512890381278129 -0.0108107847707439
0.0494534188443325 0.0117902572111982
0.0487897821766943 0.0108422422075804
0.043404836737871 -0.0187016997180613
0.039524239256627 -0.021708235844953
0.0493455168793066 0.000298914991296506
0.0492120961919113 -0.0558560335317995
0.0598479975563986 -0.0214915896701589
0.0456295168110908 -0.00131205872239192
0.0381502432763121 -0.052050990164905
0.00533515294645298 -0.0755794643703914
0.00272821652068517 -0.0565197600373323
0.0397303559337938 0.00495011093746091
