-0.21388031612995 -0.396397093769138
-0.414784131422441 -0.319912717991958
-0.378019424109379 -0.266476630406435
-0.244971118173096 -0.0905718859142891
-0.177863057855543 0.347248521830965
-0.0849887259031573 0.277691534140273
-0.234492835694821 0.42402876328202
-0.601407482848999 0.0821558112263071
-0.814767827537548 -0.139475911123198
-0.528138447074329 -0.140085464447799
-0.250360285359183 -0.00407017356634363
-0.276002755434245 -0.0935133296596338
-0.076715149967247 -0.00394612584570719
-0.0751514076144121 -0.0517267679310527
0.00314444233521171 0.0946057915269316
-0.0976467412499282 0.106910889808249
-0.0781907599258557 0.133725433719813
-0.0616723537513092 0.114093927423361
0.0292787302420044 0.137028795727805
0.0272862182949126 0.122437150737268
-0.0019896014921684 0.0463382917886291
-0.291155232610458 -0.223570216268454
-0.47195279259858 -0.309272445281694
-0.561901903129096 -0.287572485680493
-0.378661159563559 -0.0575529962307383
-0.187960957550681 0.000334304481826725
-0.202344224002601 -0.0734251476637549
-0.273399560573435 -0.145370839295223
-0.231077050939487 -0.0515574771591449
-0.164059552088332 0.332260271432605
-0.101553038884797 0.42085311014019
-0.103959345922312 0.373056930227093
-0.202415376167993 0.24527226455933
-0.360835281924224 0.233851279538754
-0.372402337162027 0.256154656652042
-0.0330762943718824 0.174023088353962
0.0260401474397783 0.116827723454535
0.0104619839672641 0.119074093375359
0.033184078884422 0.115682894571547
0.0385042735202764 0.112320528576605
0.0303520148157201 0.0811389867552437
0.037117977545775 0.0593344519122099
0.0627167174054162 0.0841884399707468
0.0923149673364938 0.109514431864496
0.0547840694644282 0.0718882440772814
-0.0207351993340412 -0.0117782766415322
-0.338022797161232 -0.363802811820623
-0.322109662223019 -0.240923365813188
-0.331255922074468 -0.28330475596888
-0.124463753825302 0.00861032384024207
-0.0723969775534505 0.19219978997275
-0.329404049489347 0.018891829908907
-0.494907089996706 -0.151611534924213
-0.554597178068784 -0.185787531205345
-0.325109081459218 0.161037797656473
-0.38181035946633 0.327757875538293
-0.428088081263031 0.289472961673268
-0.13880505032442 -0.00128971439277845
-0.179362551354352 0.0163514618216121
-0.178377318233432 0.0268419902286023
-0.142560972193716 0.0711061008334889
-0.0584558759361145 0.126538870034647
-0.0382773750140571 0.0891606826791652
-0.0932799158124991 -0.0544758483601959
-0.367568905991437 -0.258481505984342
-0.531922282892216 -0.311300837782659
-0.313130652664043 -0.169210376757439
-0.337115887927182 -0.142513384678837
-0.439762788008582 -0.117610428334795
-0.235736582257353 -0.165018921393559
-0.0667698347371149 -0.00762930012900499
-0.0484455368953147 0.0881080379933252
-0.0426457774502981 0.105930854554354
-0.0284635119250957 0.0551325048045929
-0.0188359045315357 0.113205331187086
0.0151720286972815 0.0760452102793734
0.0364752431801265 0.0917324735731961
0.0242223985472757 0.0894618505722119
0.0393389941999532 -0.00353466819668944
-0.0292412183704958 -0.0313835904401451
-0.0731334588472157 -0.0335061750518665
-0.0136094103129354 -0.0165679948093417
0.0387089222722006 0.0469784287978461
-0.102120012539483 0.0137674522229028
-0.45240218853104 -0.147237285968889
-0.337844009692768 -0.123621535907152
-0.447278386921919 -0.144756201318093
-0.139533338348061 -0.00667367973747379
-0.12137775495722 0.161390697825952
-0.0905526803294986 0.372495763911738
-0.326330903369929 0.226139242758337
-0.652288443535833 0.0365263494920525
-0.574310304360448 0.089924993297041
-0.211159368588078 -0.179503626386527
0.00823457142252275 0.0174565360480193
0.00152717546785811 0.162961850562953
0.000839883895227079 0.149738334201217
-0.0140017466533239 0.0879759518388256
0.022012730097866 0.0812832780579954
0.00488057546877468 0.140725765339818
0.0574233146011597 0.15854679748674
-0.424096599242339 -0.268867799694871
-0.305947195174162 -0.200284927940478
-0.470007875767277 -0.342479905819337
-0.231867828978685 0.178518166559124
-0.19700158768379 0.411434562571056
-0.203361072912269 0.706058829545652
-0.323787703034177 0.591056599919342
-0.638806359952587 -0.127305198734728
-0.0289732677752185 -0.00480099680244102
-0.0226886665153573 0.352528413483779
-0.0184870243129163 0.151648337760778
-0.00198152371234067 0.145965881427027
-0.0172594976429687 0.117805622793012
0.0280035043943987 0.147559935847129
0.026652123316488 0.134737171450238
0.00977154312504731 0.0769685316502431
-0.0843858227008606 -0.000871954332944924
-0.365331981739672 -0.0660420745383756
-0.509109901678078 -0.187287884956732
-0.474985967173578 -0.188594325101963
-0.449052228282768 -0.178398418440972
-0.214759747703006 -0.0747706483430648
-0.138679583360185 0.0465548811422115
-0.0731057659671548 0.0370204267014545
-0.0565304790522884 0.0428674721762309
-0.0119751082594186 0.114608423363266
0.0279599301966797 0.11068970990657
0.0343893452954183 0.0660533577425485
0.0447500459873517 0.0465484326994844
0.0142832874907042 0.0240684527986418
0.0504774391044763 -0.0178927253610443
0.0380284442979447 -0.0287539990652769
0.0498708600566337 -0.0196071434968471
0.0437610703479583 -0.0435676195876583
0.0492267696090077 -0.0315520994254905
0.0470624042313085 -0.06427116038063
0.0485872266400489 -0.0048497806700076
0.0381733548335372 0.0313690140980352
0.050370377190625 0.00753791666223692
-0.116494670862732 -0.0939009603884232
-0.377120218918065 -0.20259406685419
-0.387903935895761 -0.193035574690787
-0.320890731367485 -0.114349983980205
-0.390840572229814 -0.158775339253101
-0.218090665099431 0.240397854231955
-0.411206855341636 0.280981659568861
-0.20171132822092 0.0194173535078538
-0.0882619244853443 0.128842143516798
-0.123904046017324 0.245574573245459
-0.0894704348618978 0.375442997795554
-0.0663441638679383 0.472689571960738
-0.067317590572385 0.487832550309827
-0.067673053916711 0.455165208551521
-0.0592250190947735 0.423791374901816
-0.079131693938849 0.408846544640672
-0.0562099544115554 0.396172946395302
-0.0807290327622912 0.328532955980639
-0.085424461852557 0.312109577844431
-0.131265390371692 0.312149120701515
-0.146920053717818 0.386996491894051
-0.281668085567778 0.245122890978385
-0.627707967158893 0.126902840238231
-0.774657954592392 0.127530868684933
-0.677467840975592 -0.227451472266799
-0.236973169081665 -0.208712797418905
-0.0243777317956446 0.0253949245495642
0.0352535621320849 0.157585730920234
0.0375138732514024 0.0654666200067308
0.0146253930182078 0.0768664030506446
-0.0391132407535949 0.0614408399647567
0.0450071765599107 -0.0006166504472484
-0.136511005503611 -0.185188477687353
-0.343030213783509 -0.266804017106637
-0.382705147979147 -0.212683022125389
-0.262493116957161 -0.133296664842774
-0.0831509027579923 0.097288016940614
0.00522818342118651 0.066109637713437
0.0600677617745425 0.0996204440345251
0.00948931320157362 0.0318344258795396
0.0497902523204162 0.0450727001685723
-0.0146496774758142 -0.00113473820247551
0.0681381333143022 0.100252457754914
-0.0506122200823801 -0.0398020685729464
-0.311518935755742 -0.332282556388874
-0.454589113821409 -0.373826967258911
-0.382736163862681 -0.232107052976139
-0.371048254113255 -0.14370214851019
-0.277986066314732 -0.0658265346391382
-0.0923047937795197 0.185257735496071
-0.0793329989839426 0.405999161668481
-0.0887169293172778 0.449459335087039
-0.208841837680491 0.369473565566527
-0.423698187576017 0.220727043860658
-0.45118883320627 0.212599131178294
-0.383419787830333 0.0471553336721974
-0.341555520409014 -0.203186458275301
-0.542104200682413 -0.244682156172014
-0.476641774811277 -0.293447271120569
-0.0938720832569526 -0.0174013921146585
-0.044331857714376 0.101157235266579
-0.322782561684355 -0.0968576738488346
-0.505086771468137 -0.137543278598837
-0.470970141903599 -0.0459511407006273
-0.209394121987402 -0.0763233041530653
-0.181615456733368 0.0803037845467651
-0.266768687386755 0.0560549980207003
-0.337794559071543 0.0645821029081167
-0.255946258722897 -0.0217239549783409
-0.197339040602656 -0.0992297625469991
-0.0628768201096673 0.0250269351262871
-0.0135890677314179 0.0742489828319831
0.0220638078527708 0.135786138328848
0.0240602869044255 0.038334515198532
0.0261862807618539 0.00819911156796219
-0.0099106110791171 0.058195006231664
-0.281899018225724 -0.178069703753622
-0.3850187908086 -0.185009834756305
-0.293888688252473 -0.0970568719821942
-0.37659464391606 -0.0890658616464478
-0.240315927086424 -0.0878846435369541
-0.107920009824935 0.186184143935013
-0.10107783428905 0.417238422051051
-0.0805384076240233 0.422071952295631
-0.0893761396881408 0.463136231023982
-0.108978843111239 0.481483778749079
-0.0789802729603285 0.439559081420312
-0.158752497087393 0.306760794236967
-0.373905969500709 0.109836814056253
-0.525128958738396 0.116742963971874
-0.370189958670261 -0.0859996314160497
-0.206229032281453 -0.0763637330019371
-0.160038130793683 0.0331340811275703
-0.0328404108169903 0.149967747823148
-0.0560775539652889 0.257954993110852
-0.0101487928583829 0.250069266145992
-0.000284173106784885 0.190853369691544
0.00308237749280496 0.199952296886326
0.00280168322732693 0.105030740986238
0.00659641355096214 0.0720780141454527
0.0178072652409466 0.0990723902430436
-0.06866483961392 -0.0652738449658601
-0.466079673356436 -0.318204647588542
-0.447651271690191 -0.23083055871209
-0.425162127865894 -0.241331563612755
-0.175587031748803 -0.0222288133520432
0.0161498825762006 0.0750059744282802
0.0287387701098883 0.0699192553340369
0.031160975940516 0.0760648334079112
0.0422261111112379 0.0503289917472426
0.0439316146514395 0.0501194840238624
0.038110073227515 0.03436683493439
0.0492707801785363 0.0383693921003113
0.0478080007222203 0.0347831522250776
0.0539782269342032 0.0188598543427218
0.034726647616734 0.0153689357468334
-0.243018096606013 -0.264283315506422
-0.410799436876456 -0.257118763932352
-0.406703629874088 -0.202000518770467
-0.22134764589775 -0.0825690944894173
-0.0340015827547388 0.0131081268944332
-0.00127382426327797 0.11583423236837
0.0308285295779651 0.128617380118166
0.0323734359245922 0.0251509819890276
0.00757695503014732 0.0394964863437814
0.0275838473487841 0.0136444043483619
0.0231648242338527 -0.075606537939907
-0.334135386648663 -0.280889579706796
-0.313585892934705 -0.318427730705461
-0.245614437109801 -0.224801114620916
-0.14658816726041 0.178452383821921
-0.095013027656027 0.481840737287518
-0.120538503429312 0.518149467626691
-0.0935549229173332 0.565072282045406
-0.122934060280993 0.438135210969646
-0.335390904770734 0.146069264218319
-0.597857421262722 0.0863680773129982
-0.500259055811754 0.154646462165007
-0.410851462350633 -0.205018281834544
-0.271497585437487 -0.0469979272470845
0.0149083771660025 -0.0098047791626636
-0.0341263310267044 0.102187474237722
-0.100983083409809 -0.00787940958346598
-0.13865748565353 -0.0395418724257418
-0.112694188057254 0.0370672331285068
-0.0523300343696912 0.175420539839837
-0.0658497268129497 0.367889422423783
-0.0827583547440185 0.382389157640804
-0.0511618082632295 0.335985709514602
-0.0374667355725132 0.323160495392893
-0.0603592438051556 0.298989530068383
-0.0366077455096437 0.294523905359988
-0.0464811176175803 0.327480378203368
-0.0847202434445954 0.290304575950712
-0.248992524792989 0.135073082121066
