0.00710686079294506 -0.0886873838555132
0.0793804991366775 -0.0373938763779591
0.0639122795323418 -0.0514329691862751
0.0464970482407927 -0.0672449396706566
0.051302441010478 -0.0542150848314531
0.074629512163973 -0.0480257477352238
0.0805747541302481 -0.0704331031107958
0.0743304589626739 -0.0703217109455708
0.0578629577512889 -0.0928693527108366
0.0558941021400063 -0.0910875133516067
0.0500384848811784 -0.0440440342001542
0.0732382132605257 -0.0324097670069663
0.071790928084438 -0.0380423790579165
0.0651147955527974 -0.0390046617475265
0.0648804816293571 -0.035055280615053
0.06718534531438 -0.032295396621847
0.0476739380219277 -0.0687903967278527
0.0503038190483898 -0.071271918781384
0.0441367253199519 -0.0837797307477976
0.0661469310761288 -0.0481363777877093
0.0586784012573841 -0.063294418269029
0.0383345268032658 -0.0699529884457415
-0.0109466443972518 -0.0518294905301342
-0.0240778021281715 -0.0597965678241461
-0.00185512210718358 -0.0505739844880208
0.0445352871944894 -0.0390108477735287
0.0514113082692983 -0.0634402111569304
0.052973186462672 -0.0596539216276293
0.0584523652314445 -0.0406946803352689
0.0482588985501346 -0.0544678407375942
0.0605284496932543 -0.0542838721844832
0.029222119810854 -0.0639366671274482
0.045313714817018 -0.03482371455996
0.067755982844759 -0.0521823460754626
0.0738556518803379 -0.0548483550877461
0.0701726737308069 -0.0547599442229491
0.0695203015469398 -0.0647743840941662
0.0714744314066581 -0.0630531783877055
0.0734706587992387 -0.0667300779753576
0.0835594282538675 -0.0606616284740297
0.0770176891745222 -0.0284216399919903
0.0686291712180116 -0.0239028287964835
0.0706484091666054 -0.0593088630198364
0.0569947130589664 -0.0343162945389991
0.0247070579222633 -0.0287552466606645
0.0682169071418542 -0.0223915430161638
0.0780242287786524 -0.0236157711312414
0.0758930480742397 -0.0567143730146636
-0.0295149176543037 -0.151530474483044
-0.150570664073667 -0.214517512397386
-0.236113751303876 -0.284451425684658
-0.0935209280788218 -0.188852681342533
0.0195818694631513 -0.0156602211015757
0.0734055343811509 -0.029008360923174
0.0529098449349997 -0.0120805939281633
0.0387368939746421 -0.0265045101961293
0.045513228143426 -0.0816474184881143
0.0595451904275154 -0.0884425912339346
0.0719610615581824 -0.100149519433661
0.087070764175512 -0.103517785583412
0.0926370526431696 -0.134136986761873
0.101063863596992 -0.148027166001793
0.0933848742502435 -0.15681245856481
0.0916910049391914 -0.143942939672896
0.0742826638488683 -0.152498508474374
0.0703643378534251 -0.151971227331881
0.0554105603753037 -0.120219781363253
0.03015991107187 -0.102579899892483
0.0490172857403172 -0.0961471173531042
0.0615776085920653 -0.0849594578618541
0.0857827043612742 -0.0725984798008456
0.0878190764471805 -0.0705454795856368
0.0755104684592488 -0.0849872340408725
0.064194934985161 -0.149580663752221
0.0674484312938655 -0.0990897008526931
0.0778508194327308 -0.0663821389539992
0.0867091972833042 -0.066784277658816
0.0914647529001133 -0.0617951927277095
0.0748726066881679 -0.0658162108268347
0.0667590652238083 -0.14930053804062
0.0671336067510321 -0.125925591409748
0.0756963756288398 -0.108037553853967
0.0658280137979106 -0.112378433182233
0.0538423995090307 -0.133876155005861
0.066779789426256 -0.0430982916305534
0.0629312205734304 -0.033454018438894
0.0777368678605062 -0.0033020134440367
0.0592745172144031 0.00206165444792766
0.0580879780666372 -0.00238356792392761
-0.00868254540036738 -0.0473104805996733
-0.0522827097753853 -0.0455736173964556
-0.0382428885217316 -0.054828774240456
0.00459552913022261 -0.0313816005829389
0.0332159044426375 -0.0296905516276729
0.0578724650428855 -0.0540150441281107
0.0570687631320329 -0.0581365159031427
0.0506833207473568 -0.0659391753212231
0.0653221414911046 -0.070512728028146
-0.00455534091021967 -0.072903224733677
0.036837485729656 -0.0517772408129377
0.0597062690924293 -0.0395022268013324
0.0849738303948325 0.0351373228781743
0.0667769205590844 0.0313024533949179
0.0640383663937194 0.0172177940193785
0.0430801821978066 -0.0791762689066581
0.0594463739202037 -0.00831395502548769
0.0426742313010981 -0.00809117937939582
0.0392602893548132 -0.0122706343050836
0.040038319876249 -0.0410031677182137
0.0325681191151143 -0.0628787605181692
0.0309877030316125 -0.0489999630371568
0.0252884809860285 -0.0984670056196023
0.016687915598378 -0.0974937307670653
0.0306667952506371 -0.0414445138378526
0.0421880873612479 -0.0130662369291703
0.0503116631163955 -0.0130080565621177
0.0448215587258044 -0.011353471457289
0.0442397247159092 -0.0143425005416193
0.0507712351524398 -0.0177574566457362
0.0582224674196486 -0.0145553451434866
0.055390398629473 -0.00702305686998085
0.0634616706007764 -0.00175984433401177
0.0609291983274031 -0.0212541784280883
0.0647211997929488 -0.00799541154035915
0.0610009809069775 -0.0409869701623638
0.0769431485906379 -0.0468916485149979
0.0407064146407687 -0.0540135758697965
0.0394531639251596 -0.058337418374569
0.0345748070335513 -0.0527024898735038
0.0475724347543477 -0.013396146428798
0.0513197792654351 -0.00386171880010024
0.0509452983180007 -0.0138459446731747
0.066602982500371 -0.0244656552815407
0.0568230001580118 -0.00879773282867891
0.0455184553616233 -0.00815513957252656
0.0548584355323275 0.000117738836409113
0.0468313569800114 -0.0288112127620466
0.0341406445161453 -0.0206408148770994
0.0200731168390526 -0.0504286495753518
0.0590301572401951 -0.00196786425307702
0.0755505972266257 0.0028261073902202
0.0805710866531359 -0.0180967746637364
0.0566861542616846 -0.0606419741239327
0.0383602174980548 -0.0330797067743293
-0.0131257553142724 -0.056650194812389
-0.0093732663876734 -0.0445042652363053
0.00640717919841063 -0.0539375495437765
0.037170915869375 -0.0313853730142303
0.0395081302790684 -0.0504328389377821
0.0425753759286227 -0.0907022714782435
0.0200911813861024 -0.169858951152287
0.0285030661570691 -0.164879225424956
0.0484092731344282 -0.0738852413271226
0.0634659361592018 -0.0322816716122805
0.0683546933377815 -0.0471193559961138
0.0629340161491866 -0.045329438925105
0.0692744224630827 -0.0423362477562413
0.0751963382715619 -0.0609697832281828
0.0817119458346869 -0.0788797837751456
0.0809463992859777 -0.127980121905854
0.0831550767191553 -0.127577047948733
0.0878231745867045 -0.129368535140015
0.0892924743396758 -0.124868631341136
0.0851769990734553 -0.127670966579236
0.08930379468715 -0.135267491545823
0.089754146121595 -0.135818351523785
0.0672984862946254 -0.141620169383094
0.0842691329356968 -0.140424258399647
0.0593450617636692 -0.172520015468756
-0.0159685485316004 -0.0681318963132336
-0.0527072690457974 -0.0905830664648124
-0.0387193675138164 -0.0554737885987294
-0.0218364619437349 0.0759541418837369
-0.00958750687855679 0.0841289344565166
0.0164456492534312 0.077384123040961
0.0280186683075443 0.0693631907497662
0.0407140601322587 0.0722479099871479
0.0461822986273385 0.0580784222774823
0.0459093813452918 0.035684341740216
0.0427314738056514 0.0368643599562012
0.0402141976488375 0.0321498823358043
0.0434009206366723 0.0405085768488015
0.0409866575908472 0.0363962890147733
0.0377570094265958 0.0337896432281147
0.0428275155345849 0.0235450767806509
0.045510765395321 0.0453893603018706
0.0586711510474238 0.0417409448745784
0.0641403589138831 0.0531261394571179
0.0618956733965513 0.0493125903373993
0.0581246737804518 0.0361531292072837
0.0438753244651481 1.33946860560235e-05
0.0468413499402242 0.0167076363280867
0.0472350879238762 0.0404885601400529
0.0418709244097123 0.0240642030264545
0.0497023254866496 0.0330627083486792
0.0379458053509771 0.0403413994544093
0.0581436254533023 0.0730874602466798
0.0451694315093978 0.0397688667135986
0.0338114778473059 0.0291927386457082
-0.000232320445557975 0.0154255738268083
-0.024452395101342 -0.000407843972508363
-0.0200532421599963 0.00214600671646382
-0.0174792230019404 0.0189232649735403
0.0390145291142105 0.0418377543062723
0.050971739220912 0.0420414469113223
0.0545092569949893 0.0192099042326994
0.0584078624328615 -0.00225637853545063
0.0560136881591207 -0.0124527484691023
0.0620008368040868 -0.00819372382145627
0.0548776870647824 -0.0177869385466049
0.0454916909733579 -0.0357124203592128
0.0619720564692742 -0.042131221310522
0.0616602749850446 0.000734898734305774
0.0615382483414774 0.00396617920135071
0.0665623795663422 -0.043622326413783
0.0635369363069376 -0.0450355136387106
0.0610550049580291 -0.0529744366275321
0.0710189949355984 -0.0536348386617001
0.0636939632901408 -0.062826961854181
0.0536573376789564 -0.0527737481111964
0.0389598995822054 -0.0647745750045174
0.0285996397328426 -0.0475847893230593
0.0496387334509068 -0.000154014170870135
0.0669308176639824 -0.00331386270447196
0.0664132162924072 -0.00725177635156978
0.0630238815661367 -0.0521590554769497
0.0578237520790561 -0.0471745920132601
0.0595263529355169 -0.0364680336290292
0.0561339335313407 -0.0309017520061211
0.0303057679974497 -0.0455744035022731
0.0151279888976435 -0.0467823380398983
0.0216060720167753 -0.0216386579387775
0.0521063433405661 -0.00593612244156423
0.0600235426970423 -0.0250316567318884
0.0483301507333944 -0.0120347090365664
0.0537560188944117 -0.0177818502692838
0.0570635502092164 -0.0230751888551356
0.0624688770819805 -0.0163451360421216
0.0543366056433096 -0.0334189518536821
0.0560359635788745 -0.0316956194855551
0.0514929462024103 -0.0296875557449023
0.0571223543846405 -0.0254980488136669
0.0532351833200048 -0.0191358963591412
0.0692040714523729 0.0141193081774029
0.0686925854945342 -0.00286948392071804
0.0690913245467868 0.00596237249386348
0.0630675460944114 0.0106511808891608
0.0610007024579361 0.016619450128705
0.0240230600908909 -0.00286635474782187
-0.00997547728335288 -0.0244234352017335
0.00212048769749746 -0.0277249161541023
0.0147974899899312 0.00137055152772373
0.0231254359297741 0.0214183456616564
0.0130014722920738 -0.0172295542593138
0.00567602846206312 -0.00476940924211138
-0.0182004444858323 -0.0121585264161769
-0.0491194036335386 0.00125475415995177
-0.123798390317463 0.0280914974820269
-0.220443810273822 -0.128720433457826
-0.193472653324213 -0.258068298854784
-0.117973740660673 0.0803750006253362
-0.0490229405220595 0.0617179577474397
-0.0230768434779273 0.355359177788624
-0.0865899886141637 0.368865436110884
-0.0878301676867243 0.400459951096542
-0.0684495164218525 0.415259658207372
-0.0200713094332357 0.253921196836286
-0.0170758951431669 0.267460193000646
-0.0370785498199644 0.319889281641471
-0.0286616334177748 0.310922507266054
-0.0275542473519833 0.274729444590512
-0.0105104287374345 0.271099460440011
-0.00490551747858532 0.240813242622499
0.0142737954468632 0.209160473588466
0.0209793255877082 0.200352416053549
0.0211429742658221 0.212885313992025
0.0219134743444214 0.218594025581714
0.00875381217567931 0.164112704390218
0.00760357668999998 0.147738366125207
0.0290134408181557 0.138380567354223
0.0321441686725621 0.142844725151141
0.0263568610973112 0.122815205413331
-0.0544209565366653 0.00879452651991056
-0.105424229570378 -0.0625181394140826
-0.0987253916031604 -0.0676892257727877
-0.0492892083086222 -0.00387605160445715
0.0129851866944798 0.0224555781970891
0.0206080166397423 0.00763857244857394
0.0239304945247226 0.0106024240287545
0.0377671201171432 -0.0380255394399592
0.0383620624649128 -0.0272497741188447
0.0531643865769649 0.00320420265155808
0.038210752671778 -0.0431662090222862
0.0365278404678238 -0.0913232012322188
0.0280040715255068 -0.0471533208365749
0.0336514058082288 0.0142326146091064
0.0404581270410977 0.038160541227246
