0.148210815497911 0.155300071566972
0.0757807626678599 0.248242704575303
-0.0276220009380235 0.366305703161984
-0.14672191132676 0.483038686268661
-0.262508391482482 0.564941020704975
-0.369010325237998 0.60075703513384
-0.461715009644488 0.571463572406279
-0.539971965609718 0.47587903097832
-0.589816978006469 0.352201825285253
-0.596227939064622 0.238891693971331
-0.575978675122979 0.148270510133121
-0.554456343843481 0.0913700739367052
-0.55751482889599 0.0868803026719071
-0.583238224600027 0.112792310951055
-0.589754722330655 0.11702269299362
-0.574410077537313 0.100455259098131
-0.544806707210744 0.0705856942618115
-0.516313254265887 0.0391415381027906
-0.492287697163443 0.0126746355670556
-0.45564391945625 -0.0163150608058579
-0.402361561876578 -0.0537627142060472
-0.345880349972644 -0.0946368480944889
-0.293022007320045 -0.128074123488101
-0.266184592300042 -0.132400037944216
-0.260249940480023 -0.118515710290584
-0.259665584413318 -0.10942797350277
-0.268710426606568 -0.100135269158915
-0.284845108777369 -0.0917162557865146
-0.304131723102676 -0.0828215798340528
-0.317805122114893 -0.0695433097128192
-0.310279776794435 -0.0667761146546531
-0.282960520262691 -0.0830825140384091
-0.262137703732923 -0.089170657747797
-0.238339031320451 -0.0930016390028993
-0.216733067012501 -0.0752643686341096
-0.223694549889844 -0.0295743689168954
-0.268672431901529 0.0349327785967277
-0.318465717270656 0.0800293921193731
-0.329278481026936 0.0514855959111971
-0.304141200095138 -0.0637004612294837
-0.322072421341256 -0.137499342044318
-0.48307924801125 0.013178271582376
-0.620893545176732 0.162151711600756
-0.676988040228824 0.263361267180959
-0.66520378113113 0.328088127855387
-0.638164168246387 0.382861114279587
-0.628660846597505 0.43861377336022
-0.633914498661968 0.472005718495693
-0.639255719542963 0.458678358819598
-0.641084982906006 0.419183396095207
-0.639886259638803 0.388901635460816
-0.642050225473671 0.376500151439726
-0.676251838405599 0.403738933485439
-0.739448110355666 0.464512844196015
-0.813868466854472 0.518091797972545
-0.887611199597161 0.539389296663377
-0.93706665052134 0.562695149754349
-0.940348667860729 0.577443438596006
-0.894692844150591 0.571040956361265
-0.829622210160462 0.55710867220333
-0.780860273927329 0.563804248862191
-0.769423102925201 0.578957983051254
-0.773433006647246 0.587045512231414
-0.750277070851172 0.562760904119438
-0.67907129055108 0.486066734725144
-0.572639821726485 0.370832733582892
-0.45564380850968 0.253852237452528
-0.358828501843492 0.152317570060528
-0.304831363193995 0.0753177567412881
-0.276490347764821 0.0197376453947514
-0.250409181968548 -0.0218997901285434
-0.220639983234202 -0.0567040592250159
-0.19100043149001 -0.0883742920646544
-0.164925020650946 -0.107258951026789
-0.143016792919412 -0.110238038132159
-0.117304998634725 -0.110706860625776
-0.102933136652616 -0.0991362924453347
-0.0936944315644593 -0.0927334914745889
-0.0852961263075061 -0.0840736155871846
-0.0684037817138363 -0.090334433913876
-0.063913081457455 -0.105441878779913
-0.0747591451471422 -0.105699463572611
-0.0651871103625284 -0.108699609391782
-0.0495128102085471 -0.117826089882324
-0.0393107714427609 -0.125776134760005
-0.0380619946454096 -0.125636453319414
-0.0443196263624709 -0.104341852995881
-0.0449204195070598 -0.0881967425475782
-0.0171772134747262 -0.105547704886366
0.0219725434894637 -0.13527580983218
0.0393049064220531 -0.133756491341382
0.0362004351102788 -0.111115345571789
0.0314779620940899 -0.111359514819222
0.0155265288522897 -0.123699568590586
-0.0335488725522099 -0.0804488002567481
-0.0831651438089078 -0.0120999057998044
-0.127132200144235 0.0670739500659263
-0.170351182866725 0.155917007202832
-0.191018306408394 0.237167113635569
-0.165951510825818 0.290673056783121
-0.0811377495861365 0.300616858285403
0.0535077613852482 0.254735896828495
0.199608666646783 0.170258690900102
0.323451738929755 0.0734495645664194
0.423995673073665 -0.016156782740057
0.466915648748797 -0.019028066915402
0.471343514522801 0.038940871088088
0.484954784527908 0.0648405299143804
0.486322875676555 0.0612710943887266
0.469474276487285 0.0322542060145055
0.443506928935395 0.00174676313062912
0.426634868652185 -0.000589552561826891
0.408692199597072 0.0367466328572327
0.372442602585804 0.0949967794405791
0.332310626276134 0.143137642852243
0.324793103332689 0.158166342908032
0.36087892249895 0.140182607106049
0.431780687742629 0.101012081706227
0.505406682270797 0.058691622000641
0.54560606134209 0.0311421765175143
0.555969480120388 0.00921189144164802
0.551684541195229 -0.0112391138392548
0.542933031053562 -0.0208282210403255
0.535657221851954 -0.0231878006960203
0.525805906951257 -0.0170952971910091
0.511427151085996 -0.000826527893278659
0.499927578241378 0.00768515179563122
0.493983710843785 0.0118610341715503
0.487517922114024 0.0280583597001515
0.485567346457163 0.0440276506775586
0.467662341654576 0.0738807575692629
0.436377783309145 0.107674392213949
0.392257383690539 0.140972693693944
0.348094487395328 0.148183556593812
0.314538948979277 0.129308785525368
0.289014393967626 0.100894482068121
0.246159078931184 0.1071986933312
0.168982112575159 0.195486633247323
0.111402139523168 0.2955661631117
0.0803639025898199 0.323626462606138
0.0658586119530784 0.2493365371299
0.0453524673554151 0.101969791956409
-0.0313112182555765 0.0126917442189119
-0.16060155386583 0.0416798246155801
-0.243066740124751 0.0771606851533737
-0.244182501675303 0.0736666614121124
-0.194562084726372 0.0647883344505203
-0.14104802363085 0.0795070410229991
-0.0965145035938465 0.0910903452388725
-0.0650779724147752 0.0889647655440457
-0.021958947452469 0.0675232607821175
0.0483296947120224 0.0379283349043932
0.137723603642141 0.00389042175690016
0.208632918033228 -0.0112301795800777
0.244481345763228 -0.00387788881839663
0.259080297118587 0.00926922913149602
0.256861598208766 0.0426752959465487
0.246304643733338 0.0853117714710646
0.24224843371179 0.10646322895295
0.24289125951355 0.0868456382749948
0.241471916402262 0.030440343614924
0.241705253362547 -0.0325919469549008
0.231865197005413 -0.0537527333686473
0.211656805552629 -0.0172001617121978
0.217937746808934 0.0188055018552394
0.237736356243095 0.0466846156886986
0.258327610427098 0.0603511150659221
0.288301385922215 0.0504451914613524
0.337358826448447 0.028594750103621
0.399149120897641 0.0116035595606232
0.461272186762123 0.00258238555825727
0.49902950674019 0.00341619572539148
0.499661373253734 0.00900177777029874
0.497090771647407 0.014600043085861
0.516244606970888 0.0149834462234708
0.531845467513703 0.0264010054258804
0.543408692874853 0.0411306401913401
0.563590297346884 0.0430796320861894
0.593681515819349 0.0333594072308601
0.640662585863431 0.0198459885996773
0.67262754324137 0.0432770291841191
0.685105231886926 0.0775268652878129
0.691625469648832 0.0853435938120862
0.691309630861756 0.0643609681823832
0.681017339381366 0.0278564647119413
0.659798603109931 0.00984711557036337
0.656516768148294 0.00434844185348766
0.670038454887181 0.00881633698699251
0.679308496934368 0.0118063743004748
0.673678342715191 0.0027561178947548
0.656001085803191 0.00204798832970217
0.637016032560797 0.0160285771755483
0.621218186251585 0.0303850562293511
0.606721866123223 0.0476812577540322
0.602343663873223 0.0595811776635935
0.608136941910063 0.062923359319188
