-0.254488272772461 0.0415075326377469
-0.261931963189644 0.0397291099546311
-0.268695009813269 0.0371189815538247
-0.273727240549929 0.0288765386678039
-0.260598068052483 -0.0063048916968877
-0.24712260358379 -0.0525019048233696
-0.24424984047934 -0.0889388222342471
-0.253314973443146 -0.100493902138709
-0.261768494665588 -0.0880101600831134
-0.259061706568165 -0.0706142956910331
-0.251791649530168 -0.0636734633964534
-0.240609596104654 -0.0798707348786438
-0.21650712655165 -0.106369618312456
-0.196559148606177 -0.113169201508598
-0.188791465988089 -0.106759984800331
-0.195439303279394 -0.0922163887995415
-0.212322863243143 -0.0796731640232873
-0.225750632072968 -0.0808820446559904
-0.226897782091167 -0.101400619572633
-0.215722249678408 -0.136700124329467
-0.215354145665063 -0.155062546942821
-0.228900226641139 -0.14410266372393
-0.243080652997102 -0.132271487258687
-0.250718773832671 -0.125903830704565
-0.25567478846746 -0.119151033381462
-0.24847033144874 -0.126132839441011
-0.226567459803603 -0.147391308341295
-0.208389027727006 -0.160658474670579
-0.204102556096934 -0.15795687433368
-0.204206457562978 -0.148838858988994
-0.211668841853974 -0.132929167811608
-0.222708217212868 -0.117510962872805
-0.217300627882196 -0.119755080937786
-0.195847798272983 -0.139815878089979
-0.18439654148757 -0.153310387001688
-0.176645948205024 -0.144109642895634
-0.173985329912933 -0.113104977033481
-0.184438889343195 -0.0841898597798072
-0.209136710525759 -0.0654383680870541
-0.239295850870452 -0.0465910712968953
-0.269259474238274 -0.0200143806358475
-0.301776050927083 0.0196642175899065
-0.336607335037728 0.074619956382505
-0.367350161588576 0.125886385391203
-0.389321415823095 0.158911362811655
-0.401547375898194 0.162015395706611
-0.406720931987003 0.131322968962965
-0.412155818766452 0.0787871126669769
-0.423121333990211 0.0352661985331768
-0.438503227216574 0.00631026895461759
-0.447265608867178 -0.0117946742442725
-0.439860403839558 -0.0201632023488644
-0.41617254316661 -0.0230193180828148
-0.397161882795093 -0.0253191111269588
-0.400765503537743 -0.0227662692506893
-0.425947021914635 -0.00996490056382251
-0.448525407534345 3.99256329690994e-06
-0.445546454023663 -0.00988976822275851
-0.428240916116129 -0.0454537048581338
-0.420521894940384 -0.0858269485705746
-0.434159135870819 -0.102324399366425
-0.447530994291009 -0.111878759456146
-0.441260526581909 -0.128951842309312
-0.414611575675938 -0.146116076201415
-0.388781487640061 -0.142937708105746
-0.379607048654601 -0.131559801897211
-0.387090319038846 -0.122305517449505
-0.387367954475228 -0.132436793958463
-0.391127858944392 -0.142784581552515
-0.395876961653329 -0.156869530556766
-0.393129851723805 -0.175588667357476
-0.402811854520454 -0.171831483612714
-0.411588384892189 -0.180427720508108
-0.421537227543468 -0.192084826103984
-0.42884884746871 -0.195314172176429
-0.436171198965719 -0.190794382315712
-0.437403128530653 -0.187594386401816
-0.429259146470676 -0.193219607826224
-0.422401506284727 -0.198591400935236
-0.442359942421947 -0.161956875578689
-0.466600300938725 -0.117243840420795
-0.469912339739439 -0.0941320062442788
-0.454108932564254 -0.0936240875206972
-0.427772942597521 -0.109082933116823
-0.404617882347047 -0.126785099911654
-0.392164564277189 -0.138892296752266
-0.394556364406668 -0.141565152682251
-0.400379420288892 -0.141597013280107
-0.400125023206848 -0.147879583531039
-0.388759605778218 -0.162765838472753
-0.36938975800213 -0.183184735776802
-0.353987405394417 -0.197772520592366
-0.34914521529862 -0.197867365180387
-0.360931605173504 -0.178170133674747
-0.379346729207719 -0.146707848752544
-0.38866341033095 -0.12722009814431
-0.384445370714157 -0.12605783670918
-0.374047441796934 -0.137028067973274
-0.363000831010846 -0.150626956480154
-0.358698514654523 -0.155781705644492
-0.357670160053784 -0.154729042307496
-0.350851329973548 -0.155901780575057
-0.335827385379996 -0.159840488997681
-0.320102993822082 -0.159945620441901
-0.31092957067948 -0.156765173926253
-0.309356015249624 -0.152754063282231
-0.309491391050881 -0.149334593295769
-0.306314821090429 -0.148886116557991
-0.294205124062976 -0.157387516724664
-0.273202599409436 -0.172273915093866
-0.251789350626002 -0.176323551691721
-0.246076095357279 -0.155407955248258
-0.244347289230796 -0.140090196079992
-0.244291104278074 -0.138431555901579
-0.245104487810575 -0.147124877393025
-0.24667139609614 -0.165514758056178
-0.252135049928024 -0.189814090124642
-0.260795756959565 -0.203490505456343
-0.26856058565753 -0.201170420827199
-0.269423086192621 -0.200617775411228
-0.273612249635824 -0.192090881780684
-0.283516194777074 -0.171789273032057
-0.295019066186722 -0.149796137445966
-0.30092314327224 -0.134175191567351
-0.295439979245975 -0.135272537682813
-0.270061426482372 -0.156763692840705
-0.227913015568839 -0.190382955952312
-0.21092241426836 -0.178421540469839
-0.214873693767519 -0.143762578818836
-0.218336694719219 -0.12536691532094
-0.218420558569883 -0.13306563645747
-0.218208108225285 -0.158376646671108
-0.23648575778862 -0.163259284024311
-0.270296980419117 -0.141203141818865
-0.299886317574023 -0.117095342602714
-0.309096321133812 -0.103390013825941
-0.291520125224274 -0.10598543471652
-0.258172642313107 -0.121896730389758
-0.232290195406277 -0.130413694923689
-0.22462694434963 -0.116289321374189
-0.217502422705701 -0.10089611924683
-0.206711344198869 -0.0952080815002174
-0.203116136556924 -0.103241420607884
-0.220209673224361 -0.112812858510981
-0.247939447948338 -0.118622746138328
-0.269382536009197 -0.125287876772081
-0.26922278160377 -0.146963685352204
-0.26338039143035 -0.168585474487649
-0.292172922438928 -0.133684182356738
-0.336771973511095 -0.0747436160947649
-0.374014976383667 -0.0228238684659547
-0.371141076980991 -0.00287522017836933
-0.326073004635641 -0.00842293096667903
-0.26738225989616 -0.0152543168736662
-0.225307141344049 -0.000232734655520871
-0.19437953228703 0.0281426521111296
-0.177406215267906 0.0642796961389742
-0.160681009669382 0.0941689230906275
-0.131732199862984 0.109929271257062
-0.0844328964996262 0.110688116115422
-0.0234157187677785 0.0974885941742442
0.0588141432696591 0.0726248480113946
0.140305799693844 0.0444879572837712
0.195151744875995 0.0255291190221455
0.23032004115848 0.0168981862334245
0.257127918790047 0.0131696477425141
0.280270110823524 0.00652991906008241
0.306549747474928 -0.00876619999152581
0.342858334111429 -0.0327611091620724
0.377908797168358 -0.0529158280445141
0.397453349846767 -0.0490426170620359
0.406086107977949 -0.0374838494503156
0.41843697427098 -0.0380879983105623
0.430784052086266 -0.0484409335787915
0.436106730294928 -0.0577005026493336
0.430015101624575 -0.0551556240412847
0.421861340176455 -0.0446307881454486
0.414967075794493 -0.0254846845699546
0.412714114394434 -0.00972986295740312
0.414911291497613 0.0115754426365846
0.425776049460858 0.0168822933030713
0.451096003200562 -0.00295858237772351
0.47463324807174 -0.019761993905789
0.474031218046975 -0.0095982663856337
0.454797284300515 -0.0021538968272379
0.430124834806 -0.00877949505291499
0.419620396768141 -0.0329258044438208
0.402665347553691 -0.038989749690655
0.376971065766381 -0.0158863613334778
0.359073309676318 0.00724556528265556
0.354480435712299 0.0150419837465407
0.380319360685996 0.00951043910399396
0.435462532368381 -0.0108655018241182
0.492452160581484 -0.0340675871953781
0.520460936593209 -0.0406436897373217
0.521090686148032 -0.0372863994425045
