-0.0654709968413904 -0.154214294722096
-0.0616355383549544 -0.142223119064038
-0.0663970098901128 -0.117739830807202
-0.0751684204636904 -0.0871659063477488
-0.0883655267474457 -0.0526244417541437
-0.0922972772571524 -0.0408585248559706
-0.0742905911529654 -0.0551132852092679
-0.0585539718390477 -0.0660864298584564
-0.0660536047690108 -0.0694224768473524
-0.0866285144469521 -0.0878029820811187
-0.109626812696192 -0.116819659579628
-0.125465083679256 -0.127830065361388
-0.150849215550974 -0.135637505532371
-0.188154479730619 -0.137874621961951
-0.217194988350584 -0.130464424720699
-0.220360877976804 -0.134281286956573
-0.226110661462362 -0.138424577425443
-0.250182288020515 -0.138339179286937
-0.249876417756379 -0.14735991351653
-0.232950841349809 -0.156660477187886
-0.222714679112613 -0.15691691482581
-0.204610764056919 -0.165334598810652
-0.189920478346039 -0.164546514853483
-0.198539944397654 -0.126065570302992
-0.213330368282182 -0.0859535146876597
-0.218896561060858 -0.0687151836186956
-0.20605162954962 -0.0893272864402566
-0.181604784564302 -0.124713917237986
-0.172020202292959 -0.111983025023207
-0.166819187735584 -0.0789024217810246
-0.157150874960195 -0.0647965176563951
-0.145071083061942 -0.0859523719862035
-0.147016621113493 -0.116735783807132
-0.17701332489472 -0.113249747004549
-0.212767510480486 -0.0909368851019239
-0.229094461466755 -0.0830975700556171
-0.229509136959305 -0.0955752130776988
-0.235559048083136 -0.121679502133311
-0.268712500466595 -0.135445368357717
-0.279491672418238 -0.159762001124792
-0.293390588095232 -0.134678222992684
-0.272707413003039 -0.135095003031872
-0.253187655019438 -0.113279143369858
-0.250175700299475 -0.0899358758748899
-0.258331732107105 -0.101224038453727
-0.263278286599814 -0.108712688089977
-0.25704756742859 -0.0969432587908811
-0.25116377301605 -0.080181086914816
-0.232014199909575 -0.0807587059500644
-0.192602686509343 -0.0990109997976066
-0.152331962799362 -0.114277853817746
-0.148890735028127 -0.0788879096632662
-0.164846031584059 -0.0337807140864601
-0.169207529073955 -0.0151148034861465
-0.155482253729667 -0.0298381216556395
-0.13615770816171 -0.0625059941118568
-0.122212693889806 -0.0935723225554289
-0.120076151219558 -0.105058007587661
-0.12244253528624 -0.104160673592399
-0.12545635899131 -0.10244030615037
-0.129024320380746 -0.105817094540628
-0.132312271254211 -0.116157525996834
-0.140956796265871 -0.121064778683231
-0.147682846331079 -0.131603697343974
-0.14723101295549 -0.152192026409712
-0.142392766315674 -0.157822218727654
-0.165363140012832 -0.0648566111503386
-0.230750409733465 0.0993209120177249
-0.342591711765123 0.28272164878409
-0.487550833855273 0.473942922204248
-0.644396003318963 0.651724177197588
-0.795320327322121 0.789244738434271
-0.919600471385243 0.871630755083893
-0.976542710260638 0.856022318654666
-0.944997484123348 0.736304865969772
-0.844415729241402 0.561970491244979
-0.717484838114818 0.393771855886462
-0.634411201675787 0.293650678016821
-0.637360792966383 0.304828458836672
-0.676154216575489 0.396566576598359
-0.685486833503134 0.48267316655029
-0.655756379191548 0.512092466428202
-0.595594735040401 0.463535110817909
-0.516800894499024 0.397987734311585
-0.434269905368844 0.369099936638613
-0.352391081089641 0.384542294921393
-0.255552714587551 0.408675063595599
-0.134232937039294 0.400835121620747
0.0304586391059999 0.333216054221965
0.22642603629913 0.218297758155972
0.413423285198015 0.0957305630757485
0.552539327069488 0.031118806599801
0.602615044601319 0.0874252673792666
0.622507688827409 0.140231046051879
0.614720430003505 0.137285140334857
0.603638141110422 0.0881070937673433
0.578552421951254 0.0621650515549032
0.525742943918438 0.0957097094475147
0.490928402312198 0.124436813881971
0.471980445120517 0.141386467355681
0.47663137120263 0.141026466104883
0.502991244686749 0.133744330992111
0.535133786468084 0.137031961967084
0.559779016264933 0.148303957630218
0.579197624986416 0.147984177002904
0.587456827088699 0.134568741931517
0.587164975902508 0.123321946910688
0.582224962414998 0.125681741093192
0.572980061678484 0.132410210737038
0.557295411658785 0.120304906557069
0.536793718567331 0.0857929158784059
0.51117827952773 0.0423407479939771
0.479803286810665 0.0031546882068028
0.449833538215445 -0.0203363989206942
0.428572238601728 -0.0244609801244896
0.425316616511319 -0.0196515931420248
0.437476582251303 -0.0167496553477346
0.454004845531043 -0.0152289822424886
0.465551154060955 0.000553452302087745
0.469604451581035 0.0247855419695462
0.467156290267758 0.0360421601298902
0.459185693992746 0.0267522506765676
0.44529109924263 -0.00137206523952115
0.431695731741024 -0.0404047095741826
0.398518442369985 -0.0384718749634236
0.364283571393279 -0.0286434468813298
0.32516685164007 0.00720112217240638
0.308145396541922 0.028012495649097
0.315037880065235 0.0541530988279902
0.304371106842038 0.081832154844953
0.248960713453838 0.0802578319442
0.17656165935959 0.0632056556149983
0.130212679999286 0.069582853031931
0.102523009391572 0.110596086140984
0.0681120117957543 0.168829895244699
0.0134158496443796 0.227988891298272
-0.0514306238025138 0.26567068744326
-0.111941472131732 0.256377428590223
-0.163027338982392 0.198235774235285
-0.198153819037771 0.107120732565467
-0.22220901301977 0.0046535060544566
-0.247550614760185 -0.0641028419494848
-0.257396833893463 -0.111410968278978
-0.250382019786394 -0.135225025573841
-0.248233393271868 -0.14694556961216
-0.2600106371004 -0.156241155320581
-0.287420761767368 -0.152244126347133
-0.302429106715856 -0.144489789042902
-0.308709097894183 -0.113027330753988
-0.305377042988334 -0.0727097192130426
-0.303638631413411 -0.0495323019219403
-0.321803850015546 -0.0574381449077964
-0.355313613870971 -0.0877798833066835
-0.390600483803023 -0.097179103282484
-0.409409239142002 -0.092655391624218
-0.401365531620276 -0.0987855149775844
-0.389814689369399 -0.12107959297328
-0.387692386425927 -0.184544395045361
-0.481550785224151 -0.126505421195951
-0.580177324600615 -0.0138962416761714
-0.605765015157941 0.0480041401927064
-0.587115183144503 0.0628339488598519
-0.528850380543308 0.049170456045087
-0.428646311691894 0.0157626041217457
-0.306051868469373 -0.0191492871181243
-0.209252670734712 -0.0397994916696611
-0.158822848430658 -0.0553497578624524
-0.136502953351265 -0.0716403390173155
-0.105213420411768 -0.0960742143110511
-0.0601446469754263 -0.126172797121961
-0.0237152397176603 -0.145066029955304
-0.00636171544515583 -0.141369072128571
-0.00172559937603139 -0.123571905505195
-0.0117368101923423 -0.0913740441453608
-0.0332748064760767 -0.0571996888723925
-0.0572803468051779 -0.029505008984447
-0.086675530073838 -0.0030855689707073
-0.103508605149739 0.0235737623507229
-0.086143711099583 0.0376874155409756
-0.0368359111218998 0.0222130370344135
0.0376615464634482 -0.0389805845396746
0.083730498168352 -0.0737840220348487
0.0388131287687068 0.0288499898400378
0.00154611554580997 0.110079358396527
-0.0211116512032705 0.159308876474951
-0.0339680083595704 0.16443331404148
-0.0399659800579098 0.129533040844985
-0.0680472426606535 0.122555565000756
-0.132461541151313 0.170048361813582
-0.213948696938878 0.239970598538793
-0.288870464367016 0.305706144329429
-0.349982989307799 0.360759963272727
-0.393979736514906 0.39197877844294
