-0.891678580852603 -0.00177461580608614
-0.7791892964087 -0.0258173795501721
-0.677598078345702 -0.0517013551785435
-0.586878418241791 -0.0796328096607438
-0.509798515452588 -0.107520382993663
-0.442419367319112 -0.134396849016237
-0.389875694983522 -0.158338390532669
-0.3530926418168 -0.177788308681011
-0.330326290771961 -0.187189718450905
-0.313952788710323 -0.185550083850345
-0.302472686556561 -0.18070685730486
-0.301038235343899 -0.170957888262748
-0.316055405608642 -0.14937299752106
-0.334111803397087 -0.122372624664419
-0.33902736518464 -0.0992003731541469
-0.329624021797808 -0.079267253053778
-0.311683635427086 -0.0578614525855234
-0.280804588268596 -0.0424935025592671
-0.23209802059717 -0.0421551391898514
-0.169631458933133 -0.0593934231624436
-0.106229398853457 -0.0902388258889691
-0.050780976414888 -0.126554732917648
-0.0321546856615598 -0.134934355312826
-0.0358507000239763 -0.127806359490484
-0.0453749052105889 -0.114345380182428
-0.0450571150026687 -0.108878791802385
-0.0358215437573152 -0.112156134856088
-0.0252087997671967 -0.11625718674071
-0.0231470661040832 -0.115301399959769
-0.0300952663501905 -0.112958654206894
-0.0318530696123016 -0.114602988512146
-0.0151531569528446 -0.122012946025066
0.0083290899812425 -0.126295095410207
0.0205086327669433 -0.135024820415527
0.0148878869103899 -0.135614341253973
0.0117190327940953 -0.143822974923673
0.00633423017102438 -0.145577858850733
-0.00494608222242929 -0.138957248823816
-0.0167265532995953 -0.131488049071081
-0.0224688902601699 -0.127605370665116
-0.017044140516156 -0.129134437503177
-0.003087941576735 -0.133012515793549
0.00650704546888701 -0.13605957907057
0.0081023149287622 -0.136859616747735
0.00397179534725578 -0.130538166294557
-0.00164621539349405 -0.122545661799931
-0.00395751849946195 -0.118817184427495
-0.0037867370794949 -0.112949116586505
-0.00771100734951102 -0.0959569036336863
-0.0133672193516209 -0.0773943111203445
-0.0212008117665966 -0.0644052688888213
-0.032765119545161 -0.063964988558492
-0.047969330537326 -0.075291102681106
-0.06601909383955 -0.0971129685638173
-0.0916631799148551 -0.110781939321748
-0.125713405872951 -0.0916744186613528
-0.166552887349922 -0.036902393484437
-0.187576844044202 0.00532822148280117
-0.191764326329634 0.0263399815337503
-0.193573822857975 0.0434972666176601
-0.186609600989214 0.0281422542398399
-0.180452904487035 -0.00744880426371023
-0.219935439461381 0.0170796457793213
-0.305696309564902 0.122851011296834
-0.406103461156458 0.262052973242453
-0.498250538147817 0.379034234037028
-0.567068420571452 0.425218078786118
-0.600337465191488 0.373808101321076
-0.60147850262666 0.251068760270551
-0.581290312091696 0.0986013409139131
-0.561751006504262 -0.0214644854867712
-0.549175683488869 -0.0714933527507489
-0.54744726597341 -0.0655707994438211
-0.562772619447021 -0.0365672275166076
-0.588602055583875 -0.0184234393716536
-0.616809050799298 -0.0260726064967428
-0.644037199759593 -0.0662934195028294
-0.670921760779422 -0.1144214877539
-0.693488387178273 -0.150214308617178
-0.692031423621824 -0.180318988897884
-0.665979446094593 -0.214266274326759
-0.637646606779094 -0.236223268927734
-0.63582778758734 -0.220961200130132
-0.632128808724972 -0.213284476787292
-0.61905432608722 -0.222439756192672
-0.602749677210336 -0.229995895839188
-0.590582884602041 -0.22195581299845
-0.582251991881254 -0.204618537596398
-0.574148021322409 -0.212644469668274
-0.597372924932857 -0.212317105387513
-0.655986314762179 -0.177652188268543
-0.694533670676611 -0.146466776591077
-0.691075551058959 -0.136157974071292
-0.672096054423813 -0.137267028716141
-0.667812615763949 -0.118837165081503
-0.68733224723968 -0.0731207759068282
-0.703007545408949 -0.0243232491224824
-0.7018005180231 0.0112739951984815
-0.675556844031142 0.0221451645130329
-0.639188467068955 0.025388285498273
-0.582218828514467 0.024067016014411
-0.500533797958543 0.0159519147027406
-0.407934222746315 0.00550898855354173
-0.338868257347112 -0.0136070327994143
-0.285401378740526 -0.0601399086070075
-0.243419722055583 -0.121854380732578
-0.225999026604362 -0.151804004178935
-0.226481652485475 -0.147680895384896
-0.208278065892714 -0.156884506710169
-0.183448167893771 -0.168181334182082
-0.184351201264896 -0.154473321967617
-0.185017549719116 -0.14833648353583
-0.187066763043623 -0.123104870674575
-0.214303670968311 -0.0989385826913083
-0.285772331227393 -0.0622868255069463
-0.338531506926361 -0.0321464344576752
-0.341343158793334 -0.0316421817348076
-0.334035669835033 -0.0398060361949656
-0.300594316345631 -0.0686393736933224
-0.242268302241083 -0.122781806356654
-0.203594048754895 -0.155152193441206
-0.205752278023568 -0.133195465848423
-0.224524896271298 -0.0836285290282684
-0.251193049838458 -0.0301719736237765
-0.297505188403472 0.0309584954243955
-0.315754072731834 0.0678105039098158
-0.276277000991713 0.0620616418547085
-0.229332277764519 0.0348630388865952
-0.223066751627664 0.0192053165748003
-0.210269013317529 0.00979523018976173
-0.168783285817096 0.00287840329025676
-0.140068721335475 0.00356794164266631
-0.135062017218025 -0.00321235085632077
-0.131005312610075 -0.0237307729416133
-0.117421534197414 -0.0508325792237011
-0.0961734413188937 -0.077810626219963
-0.0706614454461242 -0.096592850859862
-0.0496114284250574 -0.107592946766201
-0.0389106134555992 -0.110620424958669
-0.0514199612973774 -0.0850944837472116
-0.0785304782898297 -0.0463831699755107
-0.0985392461986293 -0.0148124694467561
-0.107060638028621 -0.0058133486037818
-0.114917534960295 -0.0309187264306271
-0.138982473924661 -0.0836542218427293
-0.191383797997661 -0.102243373993976
-0.253847899016142 -0.073075100979962
-0.320189029273641 0.000590367837961832
-0.38778118015123 0.0917237832165001
-0.451709572040917 0.192136163875854
-0.531727381579816 0.322909059473074
-0.647583658012774 0.474688532885354
-0.774484900643945 0.589227140988313
-0.863112213398801 0.627971489007013
-0.874454526565491 0.56796681663531
-0.805529789863922 0.414498961474792
-0.690323815147936 0.205061658893789
-0.574461670756703 0.014874445877498
-0.513648065798761 -0.0699660572085637
-0.516939876338564 -0.068235483353184
-0.536285460053972 -0.0485890684232626
-0.575116084086836 0.00691880854839312
-0.604654996227433 0.0636033185255922
-0.618285000705924 0.089044481998619
-0.60761690158536 0.0674409120453991
-0.562514783965386 0.00642726150830257
-0.504933065101658 -0.0564593074902188
-0.493410322167651 -0.0611058745184151
-0.535054527981291 -0.0134497339780713
-0.587659839363251 0.0283971461890158
-0.602840871805098 0.0462343897461063
-0.549380317038989 0.0331926501871297
-0.467413114825775 0.0106384252627107
-0.41969480923583 0.00316597992770337
-0.395238363890512 -5.30997112353375e-05
-0.368008097824288 -0.00677266575779715
-0.326512706528682 -0.0168403861853211
-0.255925715950754 -0.0393499598183654
-0.172956057385415 -0.0694350029779839
-0.111226843145814 -0.0891086669386113
-0.0697110772971134 -0.099308184644902
-0.0316003398578485 -0.108334551969459
0.00165401029775789 -0.119940546716786
0.015112809131164 -0.124474298001376
0.0183286225113923 -0.126350540612086
0.017015648331823 -0.123450261717671
0.0104881902804723 -0.107168834302581
-0.0120419423643813 -0.0624543824832864
-0.0412512729103974 -0.00984410788356852
-0.0643522969960642 0.0288135469593866
-0.0815874188408465 0.053904038742984
-0.10789140769957 0.0679427271239971
-0.1348859302781 0.0593487921439783
-0.142689055674803 0.0166879362880499
-0.12954414905734 -0.0251126174898156
-0.127860421813525 -0.0266424575505244
