-0.213750726994252 0.270531013447659
-0.315813603219754 0.341561148576782
-0.411004412348794 0.40755050837011
-0.480210551555607 0.44660637173023
-0.536479433272752 0.455766216765132
-0.595502010481203 0.452847850588699
-0.636940989044388 0.463620727969741
-0.616177955926665 0.464664098501958
-0.530673821637126 0.401325656068554
-0.413222507761492 0.279785620532975
-0.32771998858036 0.146634842090112
-0.322759786403589 0.0547896764585737
-0.375240641491902 -0.00210906767971755
-0.419669381990006 -0.0414107740053972
-0.426062648905315 -0.0775565420586099
-0.414256857428691 -0.100244870745568
-0.394040651817194 -0.104133571529419
-0.374034759537005 -0.096566447881118
-0.365917369316459 -0.0803313362346797
-0.359342986718859 -0.0782390923154527
-0.342755228649193 -0.088226030189737
-0.311500275211053 -0.10424093697526
-0.307076244303285 -0.0681067408388227
-0.341468380410089 0.0131889852666879
-0.378837396669719 0.0735095787689761
-0.40274797247243 0.0803618064474485
-0.409388086113958 0.0242114438975154
-0.405195144132492 -0.0729304663086097
-0.407192750601852 -0.164840217887667
-0.452330895319318 -0.153642926114024
-0.497925837293525 -0.10858843552647
-0.536663044323932 -0.0476707631869812
-0.561664889290363 0.0106092470618828
-0.556004714319229 0.0437900493516036
-0.507665913073832 0.0456704351204777
-0.411898344102796 0.0189122035285889
-0.302272566125321 -0.0116148420756139
-0.20942097753923 -0.0343073241323939
-0.147270347209789 -0.053960188763107
-0.107015591203642 -0.0713212021717168
-0.0714750944845634 -0.0903985684966594
-0.0365585246202258 -0.0882994265652816
-0.00294814565617359 -0.0691529429997324
0.0206487371223101 -0.0612371051965856
0.0259820672150763 -0.0698070759439497
0.0113669657845787 -0.0919175358212668
-0.00537575434734519 -0.110536682538605
-0.0175902387365582 -0.103499122257168
-0.0123374676316836 -0.0794985418437592
0.0015637772521362 -0.053206494356382
0.0138677161364997 -0.0420433608831295
0.0221143758333042 -0.0468619512970527
0.0264596365193492 -0.0607294941613153
0.0301897061210989 -0.0768988587636316
0.0361496695885462 -0.0877802609299708
0.0418724745858045 -0.0980150314420104
0.0435795294066789 -0.107927527310494
0.0362695606061729 -0.110828805525171
0.0286002473263101 -0.111336250591593
0.01931349840356 -0.103285446618759
-0.00326089004339484 -0.0669660107528766
-0.0321807875807116 -0.0144862422153185
-0.058275114728086 0.036323542200482
-0.0690334584590864 0.0622546915080118
-0.0610523067157049 0.056898782245835
-0.0375592483178582 0.0288256300846403
-0.00896092389155202 -0.0137882932081241
0.0164224702602799 -0.0589639132928539
0.0348381501596834 -0.0897524896877416
0.0422936914281785 -0.0976805485509624
0.024411287855984 -0.0680912300912291
0.0182123604841481 -0.0524398331525753
0.0255610555573267 -0.0557362392410307
0.0369808539575898 -0.0526840210321381
0.0286292530046581 0.000240173261725081
-0.00434901012702003 0.0894382442602015
-0.0510063404115336 0.175880313950447
-0.092330879632766 0.245324271193226
-0.107112478407752 0.287136422998255
-0.0797661067968409 0.295176503957301
-0.0118314078133575 0.275307369167329
0.0851536803086071 0.234994783599277
0.191591129235853 0.180380609865463
0.289585665885017 0.124531637532799
0.371475886261699 0.0851646887492825
0.427467825260174 0.0836255981793986
0.461074110838826 0.113703096981277
0.486179809794791 0.149601331858167
0.515400265688206 0.155188659158528
0.542363441058798 0.150678109917087
0.557428156176423 0.185212592224722
0.545657996001004 0.259468426510794
0.515924110227085 0.333039960880544
0.474597798155703 0.364768731912082
0.437061640157924 0.344860068835681
0.418895025427596 0.285739134545206
0.426806297800892 0.207746956568647
0.450164311669634 0.127902418200111
0.479564573023386 0.0516756149543296
0.495583182638676 0.0148948438087187
0.496797420543261 0.00883628878547781
0.476387681322122 0.0301292321754168
0.445218856890232 0.0705566512492533
0.433761168426626 0.101830238483638
0.447061146195033 0.1232196454507
0.472403758259522 0.14632812853673
0.510696692318151 0.166989328821401
0.55501893264916 0.184263952284931
0.585407408775106 0.206581570297748
0.606914226783957 0.215422459863513
0.636624688823502 0.195239701949031
0.654066093981583 0.181826407367178
0.581793571100752 0.253044520334635
0.462029331862732 0.311182721892624
0.360994788048984 0.344210591290592
0.271401739999965 0.421856613265876
0.18115752944001 0.504311463191194
0.101761521193955 0.510133753236174
0.0118736654510969 0.445325971435492
-0.118901061485409 0.357138249752443
-0.281074759766091 0.319636467889776
-0.383309069745815 0.281615653222311
-0.406432268641243 0.230614749474281
-0.396580756430233 0.167075869342984
-0.37897941728601 0.0967073789784775
-0.370271472282137 0.0456742800525187
-0.353072742087373 0.0104962261276904
-0.32197296893827 -0.0284263604941556
-0.295396843262366 -0.0595680586634579
-0.272625934303187 -0.0770234311014409
-0.257411601582181 -0.0832851945402147
-0.254577781797081 -0.0854361413862753
-0.244390533588544 -0.0889965260723946
-0.204615292117634 -0.10245576691651
-0.161488340411588 -0.121443237656416
-0.14094028487279 -0.128235141751553
-0.145148203043681 -0.108843055888946
-0.157876372668591 -0.0799381797371813
-0.159226003026492 -0.0658245991704493
-0.13010367504267 -0.0778353667723889
-0.0859401399456356 -0.0966973017365075
-0.049707154977764 -0.109586500687714
-0.0296981039781847 -0.120680200652642
-0.0309913415182867 -0.120567046718886
-0.0412315294422261 -0.125041851670999
-0.052794382611523 -0.140717485517433
-0.0657881643782819 -0.148584551943798
-0.0794962015801064 -0.135421303847185
-0.0873569764687904 -0.117224048322689
-0.0978656684001706 -0.0891267388995098
-0.102484007687172 -0.0712476035945799
-0.0937859253710575 -0.0707487411985031
-0.0703496937166691 -0.0824958499350387
-0.0337623727909192 -0.0935885170860661
-0.00393429025022324 -0.0856627004415328
0.0120057896254539 -0.0768115943345054
0.0147431587799277 -0.0870293739178891
0.00228230325462883 -0.108232603657244
-0.0234160568211755 -0.118453046368871
-0.0445728491248665 -0.115614991818917
-0.0525719286684906 -0.10656242723398
-0.0537305658950748 -0.093246658582507
-0.0540064203148363 -0.0775567996201155
-0.0533815574697112 -0.0643871297310019
-0.0468384227731817 -0.0575878957925733
-0.0353090403973874 -0.0592317275022502
-0.0186414862879389 -0.0667437932012579
0.00624106680754013 -0.0789802996070225
0.0316279437048974 -0.0924429478372179
0.0495394115109653 -0.109277330049271
0.0590494719748019 -0.116797856381689
0.0585854348943754 -0.105618074718216
0.0523566678615237 -0.0903974481702805
0.0431143774388357 -0.0791129023917601
0.038999041302165 -0.0732897086374547
0.0401794721309725 -0.0642873257862679
0.0388116745972542 -0.0501035266718928
0.0371533593553355 -0.0420797776548204
0.0423396711238918 -0.0490687411934213
0.0594820480795619 -0.072327696424791
0.08453257343941 -0.10803695995967
0.102879698388125 -0.133963978814596
0.0978803606455967 -0.123542012105289
0.0831355620401251 -0.106714910311763
0.0746661325487026 -0.100523664642823
0.0832545817685872 -0.111665204852759
0.100741306281748 -0.129061951349462
0.0944684655699599 -0.106143366086763
0.0753982730855079 -0.0627041083573569
0.0488162639809783 -0.0121269665474795
0.0288186216610457 0.0129782285694657
0.0205651903571811 0.00375476120869021
0.00320592281895463 -0.0206709538865541
-0.0343147125606095 -0.0561416961490511
-0.0751542136020446 -0.0932493994175888
-0.100964080928772 -0.0984350902584839
