0.0212518442478799 -0.0986304776714047
0.0189470762807937 -0.0977058592711102
0.0134198461763382 -0.0927634200418684
0.00600987267681295 -0.0860978703134296
-0.0035382367424336 -0.0790730680860233
-0.00324547352422551 -0.0769936119577748
0.00967691078106277 -0.0805521136017964
0.01822357210901 -0.0774080774637079
0.00910356125202154 -0.0505824922460827
-0.00104647399147618 -0.0318077434198626
-0.00181070477666955 -0.0365314592326251
0.0113070423844069 -0.0526294105850315
0.0351788525783842 -0.0951568771242108
0.0319757994838662 -0.116604981418982
0.00648479079321161 -0.0988414914816881
-0.000626384025114376 -0.0821901957040991
-0.00607742584898468 -0.0733999530028512
-0.0103893418960697 -0.0757962961050246
-0.021588385137801 -0.0843930853435472
-0.0423582685234379 -0.0823753307101112
-0.0678125350120577 -0.0634782407974762
-0.0884254611090184 -0.0404182236587703
-0.107734982461376 -0.0220177346609564
-0.125575375776073 -0.00930898934585745
-0.138277251283256 -0.00905739236136242
-0.144250839229602 -0.0237598671788471
-0.148981974071964 -0.04502164616079
-0.164076662722181 -0.061648857804621
-0.192032824749718 -0.0571868901534553
-0.221303657461967 -0.0294914608502002
-0.246942537128005 0.0156927500760775
-0.274624289077487 0.0735528225792977
-0.312325558193371 0.128984696170962
-0.366624715687306 0.174952806627209
-0.428592819971932 0.212740988763752
-0.482526368346149 0.244774318371716
-0.512411432687205 0.248358143214138
-0.512913539001622 0.2151309884671
-0.496601413739468 0.148403930538423
-0.478422168433337 0.0624455818585019
-0.467216449502485 -0.0242409494288468
-0.462843396669648 -0.0776716327441458
-0.459378052087861 -0.0882291411827256
-0.458765931995072 -0.065011161037098
-0.469863660034916 -0.0309672094964903
-0.473128842079422 -0.0143700550008466
-0.472691190281542 -0.00993027039208943
-0.478859200919343 -0.0135709108996636
-0.493494214538434 -0.0206649738602754
-0.505662443893857 -0.0321772027234797
-0.506376526707363 -0.0438795039324371
-0.481207425911526 -0.082722262099285
-0.448043463061625 -0.134293117715958
-0.468341224720647 -0.094305690181571
-0.490623797836249 -0.0387929684707042
-0.505475717436489 0.0174021506434128
-0.50096401142499 0.0536184739280642
-0.446904893320402 0.0358605926194516
-0.359763586042762 -0.0167989370606249
-0.28135462582283 -0.0553428704904578
-0.245099622298987 -0.0409992466153373
-0.224418929771389 -0.0165297364597982
-0.219852637458094 0.0138883212035168
-0.222179088004275 0.0447953856302058
-0.212594849390557 0.0409168094821715
-0.194911988594312 -0.0158268964805466
-0.191323934966788 -0.0859720824471411
-0.249910168251539 -0.0468319356009931
-0.301890423204349 0.0127705345538842
-0.310077642658499 0.0384510139687237
-0.266973630314638 0.0213893865149201
-0.18223627526446 -0.0239621443981932
-0.0791937372672362 -0.0778611888158114
0.00807196142961404 -0.119525542939727
0.0493066530772079 -0.121777160639573
0.0684963255899874 -0.117650875878065
0.0622081957999273 -0.103999805625822
0.0292252664334402 -0.0728482432685369
-0.00851735911490133 -0.0279174709081115
-0.0377873281275424 0.0174408529071713
-0.0677355421614709 0.0584579160245414
-0.108396514449559 0.0876971727211773
-0.158691465128696 0.104901924348427
-0.203175877877051 0.100017624592729
-0.229809173493215 0.0744471688212639
-0.240026628845285 0.0234857168188409
-0.24155215795628 -0.0502182622559765
-0.248200720066775 -0.121600624747011
-0.272516434003911 -0.153861145509571
-0.292065661141494 -0.169518531832424
-0.301476238143693 -0.176857825378126
-0.308161592317089 -0.173681129098632
-0.324574927612561 -0.14849167196398
-0.33860729875593 -0.12115609100415
-0.335704825745942 -0.114982853887476
-0.319651494926755 -0.121294725646677
-0.311625056397734 -0.101719362643385
-0.301316278859428 -0.0689206998034618
-0.289686066950584 -0.0385088825602446
-0.283612067713874 -0.020058081664451
-0.281062059364616 -0.0165731720529754
-0.261299242771188 -0.0251747224066699
-0.216989808220865 -0.0363679696943436
-0.159088045220158 -0.0503297551881689
-0.110223239707369 -0.0587493891066351
-0.0763662620013934 -0.0552415103471166
-0.0505323756431875 -0.0472076746658944
-0.023222929765884 -0.050070927693905
0.00495400354752517 -0.0614878663102451
0.034987511943896 -0.071720071544367
0.0680386840245991 -0.0753419975001211
0.0990675980774647 -0.0769570165027171
0.120150695573772 -0.0738006238986593
0.130332188067576 -0.0648281843960811
0.14215108358783 -0.0610749235119102
0.169745274285645 -0.0715554120181865
0.200078454423894 -0.0896001484368689
0.215147384067839 -0.0944891371463969
0.215246364914985 -0.0798773059798042
0.223906132111014 -0.0741732751413569
0.24224102060861 -0.0832923823600386
0.253761335674935 -0.09268981893449
0.261419866970021 -0.0945829044651166
0.267446256659496 -0.0911001582563238
0.275588078071899 -0.087021729165816
0.270485182205236 -0.0697776264433608
0.263315632233298 -0.0580760584714796
0.26156831350305 -0.0603941339889878
0.270236553877887 -0.0680904554284359
0.291935633732112 -0.0759398740968495
0.320655444481312 -0.0792754719116637
0.341321310204988 -0.0763224432461583
0.346812780965589 -0.0753988224217586
0.335714476495418 -0.070238584508856
0.328901768197148 -0.066372179825556
0.333487056721045 -0.0662019188584474
0.340694273242635 -0.0640586046709595
0.346810994149757 -0.0597208700843142
0.350943050749176 -0.050300189037516
0.356364522278398 -0.0417492942047032
0.368146495127518 -0.03847337799431
0.388389566773881 -0.0433072636744266
0.41110023591564 -0.0517900351142528
0.420551527101252 -0.0496408941635521
0.426292975436065 -0.0481913502230684
0.429890034371582 -0.0501823052902328
0.433305824685054 -0.0570001155500669
0.433461690473368 -0.0623423808049424
0.420912932428968 -0.0466933891248446
0.414251356034881 -0.0326616859938167
0.419255246908674 -0.0314047580559708
0.427236881719815 -0.0367918758100646
0.415804702327585 -0.0132645967034478
0.418871251612426 0.000707755718426751
0.441672231984128 -0.00477313060370649
0.467702861946959 -0.0175030861370683
0.490618215117006 -0.0302913218640056
0.503892359375397 -0.0272229271896415
0.500801313635637 -0.0118275128260551
0.486318375265992 -0.000986745673977089
0.466876089568907 0.0121510616598473
0.449951638863903 0.0279625494267024
0.438352297709409 0.0453541035157428
0.440520942110159 0.0557003360807071
0.451584901968935 0.0653286494123958
0.473127775782318 0.0685485567531064
0.496564730994695 0.0650633948027889
0.501875922337562 0.055431098795005
0.488301998366132 0.0357157840562327
0.459453587945052 0.0184374012236519
0.427545888651969 0.00956403065362118
0.402881399985434 0.00102148839771737
0.376270140474562 -0.00284813074279503
0.349096200590962 -0.0130576018817188
0.327800055643307 -0.0375237639576827
0.319103338251575 -0.0638974175614079
0.299289860787421 -0.0514377804807202
0.273500832369817 -0.0192647584390273
0.251973328302173 0.00902046917617091
0.226208126315513 0.0385037827563947
0.190290676573493 0.0657664575086397
0.150861643969683 0.083717084509442
0.107550032948446 0.0969101353305948
0.0515691620922258 0.115799079985694
-0.00599751596871017 0.13633475590316
-0.0509101153703896 0.141909725349186
-0.0814225169460741 0.131197580288904
-0.102654030385664 0.106355070281292
-0.122444777076187 0.0697001833653442
-0.144261838301673 0.0305394103304755
-0.158829351348967 0.00299406713213662
-0.166739429912192 -0.0129810256844443
-0.176315815980911 -0.0216473532041858
-0.1881566531912 -0.0244292052901092
-0.205817427337646 -0.0193134233052788
-0.232418628707736 -0.0132490770170215
