0.0446688475238389 -0.107633570385787
0.0408653401955355 -0.105991055761395
0.0354122052160531 -0.0959266216103796
0.0346109440336356 -0.0874966430732558
0.0413320332942564 -0.0832193465208721
0.0562804962005402 -0.0856781030149004
0.0695634426227709 -0.0781578596560471
0.0800189716224235 -0.0556561486444031
0.0991224534485818 -0.0457091585288401
0.130495107329372 -0.0578206021708933
0.143134374388502 -0.0658603795380117
0.133914834647905 -0.074300795641839
0.110897494704761 -0.0807879073156854
0.0872213622770136 -0.074013526430261
0.0909016243185712 -0.0832138194770438
0.115262813372031 -0.102755818684138
0.136578868746615 -0.119415695612822
0.14657955855697 -0.127388150158663
0.150640714170424 -0.133036092401984
0.144757212709228 -0.126830790701252
0.13680344219862 -0.116840453202568
0.129886441520594 -0.103900198065899
0.121817796142727 -0.0852723729846753
0.124309519111204 -0.0772016005815015
0.141877884640764 -0.0891262510372454
0.171397223091843 -0.114491617022525
0.193103417644436 -0.11690036086789
0.19854360724241 -0.0971890761549088
0.1928486477673 -0.0877912799048242
0.179095470156798 -0.0887467610720307
0.164391882114088 -0.0885239182272243
0.150582598792122 -0.0765709342048034
0.142826102709273 -0.0624820018000149
0.141953679566378 -0.0561149414364029
0.144946467402497 -0.0547713440773218
0.163969224951663 -0.0582593091724226
0.200609508468069 -0.0625662144885813
0.227569503500835 -0.0507134995631607
0.234202472009275 -0.0270625536247275
0.234354791787046 -0.00378649367077178
0.231646813389726 0.0234630681291768
0.231898436738091 0.0449083056149442
0.23353893974012 0.0753473538261797
0.228800667248521 0.13438452674325
0.21196400929673 0.197476418367124
0.181328596137558 0.245686345523296
0.156363155566777 0.271586874404638
0.139451152351962 0.252910479465087
0.117063319339166 0.204611519896511
0.107173655256961 0.133905586696075
0.106942212152809 0.0498533533856576
0.101227332343002 -0.016301889564209
0.0833164870488456 -0.0302772532415181
0.0619124442353646 -0.0251254330071132
0.0707174058416311 -0.0278283594285701
0.0749408548302222 -0.00683954829658605
0.0729363331059267 0.0555832629745101
0.0583060421309074 0.123877363652334
0.0273162018379955 0.165809720495148
-0.0153115626693316 0.181653100607071
-0.0665496698577581 0.173986930018579
-0.122606384925325 0.157090332752725
-0.174448551814067 0.127577984758383
-0.216607089191412 0.084285939135073
-0.250798382832679 0.0345995588217417
-0.279591174061241 -0.0132520653956669
-0.305685476096137 -0.054392630941082
-0.334321749461426 -0.0764036306784371
-0.363221946179693 -0.0690723675278611
-0.38789544894705 -0.0512213969828759
-0.404651002702526 -0.0452314303356408
-0.414446956327596 -0.0430793907399506
-0.432090617087563 -0.0121440012666697
-0.459590685705934 0.0420847574039059
-0.496586148646943 0.0942623045102955
-0.533216105838265 0.141746334558345
-0.557732002525395 0.165201843467232
-0.560797516484991 0.138998065322261
-0.549218539370345 0.0740986602125124
-0.514773435184904 -0.000949112856753598
-0.476590915857389 -0.0559256964776603
-0.436296958524307 -0.0986709503209942
-0.419177115649158 -0.0910718929683954
-0.438907149559768 -0.0123546161401374
-0.493309207575165 0.107261173731641
-0.553371637027501 0.213287041465935
-0.610629168068351 0.269657429776897
-0.655369378182006 0.292268028160865
-0.684958614528931 0.294577157989617
-0.70580855801337 0.257381644435474
-0.701135625770337 0.198135915007347
-0.663660675802031 0.136426138407464
-0.612606195729672 0.0574206736630375
-0.570555948325572 -0.0370249709946043
-0.538460418889655 -0.118290206471891
-0.510920096443285 -0.176268333405422
-0.490005323732499 -0.212544128888421
-0.476902676980857 -0.223901120308574
-0.476015859017532 -0.211425249308243
-0.47676671014268 -0.195656103739205
-0.471058255700571 -0.1884400968092
-0.465419186384299 -0.186325675767834
-0.478038277149474 -0.162560391877248
-0.502968168814552 -0.125727571954715
-0.520747133278936 -0.0989030515137778
-0.514667517072054 -0.084924074197683
-0.481812791724134 -0.0886574249458803
-0.427193689787245 -0.106031350124028
-0.387530367440958 -0.119356001086302
-0.369939430195769 -0.127664613610252
-0.351506892474916 -0.136698068834325
-0.331281165477971 -0.141298753920071
-0.308132777369911 -0.141510761040099
-0.281904500683513 -0.143554204624536
-0.263128198201512 -0.144643193892692
-0.253369226135309 -0.145355378901645
-0.242023214892606 -0.146174949258278
-0.222777757577337 -0.149692990398863
-0.212528265891109 -0.142675057848849
-0.205037485326304 -0.133603779124566
-0.200657796575012 -0.125298910711905
-0.188812103540087 -0.123889413973459
-0.177314982600531 -0.12345053507135
-0.167180869349614 -0.122615794343835
-0.161752390422391 -0.123490757065668
-0.15302277530384 -0.128908139278532
-0.14703485668623 -0.13173072133366
-0.142489547789124 -0.136661397838285
-0.138545837779531 -0.148087756966246
-0.134408769469763 -0.156661492081392
-0.129808339193183 -0.152366119060693
-0.132456414994047 -0.137005390792236
-0.154450522618133 -0.10711332352974
-0.184482153682645 -0.070665206857179
-0.19229727455565 -0.0532129847287882
-0.182980248878242 -0.0575960898628536
-0.170585874244481 -0.077720824980861
-0.154455421328738 -0.105741968822769
-0.138884768068191 -0.138500255658129
-0.141969535065379 -0.155741188098627
-0.159981341593619 -0.147670228756079
-0.165772545577501 -0.129673660795062
-0.1769763583056 -0.105666558917725
-0.200962214586788 -0.0780212813605215
-0.220190867472955 -0.0546251658312126
-0.226782993786893 -0.0400855036774618
-0.225159378373942 -0.0341941146405049
-0.216125539939913 -0.0403751428330473
-0.20708112067228 -0.0519304976010548
-0.203423450226739 -0.0592468747571888
-0.199229581666823 -0.0566527817516338
-0.200448733563886 -0.0513390539430948
-0.209430442114488 -0.0444119362079463
-0.228390925905819 -0.0325189733253339
-0.24627748129121 -0.0196605731827134
-0.254056778654287 -0.0146414910828824
-0.253579932703616 -0.0195138622552736
-0.250367275559795 -0.0417256643431282
-0.245180927710377 -0.0880250613973723
-0.243240184169008 -0.139712893076663
-0.262623741554157 -0.155636840117311
-0.30282517784673 -0.116582517244276
-0.320976846262536 -0.0873344099614716
-0.302660991027573 -0.088429942762211
-0.263017122386706 -0.107392079898657
-0.221236435894278 -0.128418983496924
-0.186176260623879 -0.137201928576456
-0.164128815486913 -0.129164202468507
-0.142910551456589 -0.129332059575719
-0.123613814082631 -0.132302218435399
-0.106959424156849 -0.134330192565472
-0.0875457910962273 -0.136789367442294
-0.072607481319612 -0.12979465590157
-0.0589257647348699 -0.137141691416925
-0.0507499928070215 -0.154913513415373
-0.0567494998134209 -0.156179360452166
-0.0591722010244032 -0.154475848994631
-0.053334377718897 -0.157979031190598
-0.0468286623505326 -0.158126240574279
-0.0461615246141256 -0.152042187438771
-0.0516939153632122 -0.145333677798596
-0.0586346889305063 -0.148751494921363
-0.0711198443922869 -0.148406146223214
-0.084873122867781 -0.138661583239244
-0.098008242608724 -0.127397663789166
-0.112016834963201 -0.113702317096909
-0.127126299136368 -0.0957051954401067
-0.139794093181845 -0.0835609782531937
-0.146953124648345 -0.0803386663796042
-0.153506077134739 -0.0659634737836027
-0.169297472655885 -0.0230837801623518
-0.182078198951562 0.0336271887242701
-0.203558752657211 0.101387123100042
-0.251253677861875 0.178710278261891
-0.324681401627784 0.268289134955413
-0.410069416787533 0.377276839648684
