-0.127676010257066 -0.105336378461468
-0.0870614098250135 -0.114642788717024
-0.0563078084459206 -0.123184093633407
-0.0386717703056223 -0.126400030367617
-0.0395239931913138 -0.115019312710993
-0.0397523873036297 -0.10150553554327
-0.0342188777757669 -0.0958827941314659
-0.023683161896211 -0.100571589173108
-0.022063106426993 -0.0904647063417364
-0.0190278529073439 -0.0742469385617539
-0.0106526105537918 -0.057331124036959
-0.00122748681227801 -0.0405101168266645
0.0106092129668055 -0.0364012814192502
0.025688781354248 -0.0482044811269716
0.0357449706197137 -0.0537745007003831
0.0400703435120955 -0.043012545313221
0.0509915675713001 -0.0421695708039722
0.0504117180795276 -0.0170065078865996
0.0312429736809892 0.0119468790292174
-0.00740649800969966 -0.00718363221016886
-0.0495412501871176 -0.0505974168272317
-0.087910208862558 -0.0794697703373031
-0.128029329823813 -0.0747111508761603
-0.171967749199834 -0.0570343957329924
-0.176379539037662 -0.0642089910049751
-0.157320632012995 -0.0716542225778491
-0.140529097382393 -0.0679548147118155
-0.120453367088863 -0.056677580857487
-0.116702574275669 -0.0452941899726826
-0.131615495082953 -0.0490362758747431
-0.153936002312303 -0.0610728352661383
-0.172346818427945 -0.0815751816447782
-0.191023428617569 -0.111276800490476
-0.206064288794934 -0.14116647956043
-0.220274033592057 -0.160741587235407
-0.232321900984742 -0.173700389949697
-0.239958131109655 -0.183321049630752
-0.243714497835213 -0.190923349946053
-0.254820864014686 -0.187189984609168
-0.274107511116266 -0.172901257988618
-0.297418278007874 -0.14644491331758
-0.31569859033736 -0.118167895238028
-0.32572730011388 -0.102005046423796
-0.328559595257491 -0.104179986418235
-0.330196757919436 -0.125887327907821
-0.336127176378593 -0.159989396545503
-0.344229098625091 -0.195412130587633
-0.356796606419162 -0.213030473434659
-0.369106869019375 -0.211062001015712
-0.370114005177926 -0.211445457934661
-0.364236750935181 -0.213979883811621
-0.357885514829737 -0.209666657463436
-0.3550902033115 -0.19882978315155
-0.352558022674642 -0.193506349143821
-0.348406111007887 -0.200285061766781
-0.358420819695442 -0.193429666961993
-0.392533031290607 -0.151061665019094
-0.435251054580904 -0.0893272596735889
-0.465978023933807 -0.0326914149831852
-0.47739841765713 0.0102846991841832
-0.460852590313227 0.0260258331136019
-0.425666217554208 0.0247189435204499
-0.390758268815524 0.0401825690201185
-0.368294317858011 0.0767382561966103
-0.351092154988545 0.117028077389084
-0.349176085523784 0.149719502301881
-0.36449947199384 0.164182323748265
-0.361846264648491 0.158896553781966
-0.345841621089534 0.140489411236609
-0.323539361919868 0.113234257595466
-0.302530336065378 0.0939289186716468
-0.29244751357639 0.109867263019307
-0.31693104526948 0.186133903281725
-0.376974904705552 0.299714459579001
-0.450991952906873 0.407183211109804
-0.513155866406365 0.473628844264217
-0.536214965624055 0.469484448868896
-0.489177817815628 0.364771242013954
-0.424151688240926 0.203446747845015
-0.425070466036329 0.0780957198326668
-0.505691156830534 0.0524056807177255
-0.593286358776229 0.0897857419160295
-0.629528647971107 0.133466537046964
-0.591695965190595 0.147842756155919
-0.470882362004943 0.132220603651246
-0.325113927641318 0.0951547044916343
-0.242564506142187 0.0536336144941261
-0.24735957517612 0.0410667372125836
-0.269864502691489 0.0323678090418898
-0.270365680466304 -0.00117396491325019
-0.242627053544222 -0.0729664493910873
-0.202018413956559 -0.165127452618196
-0.238236548761879 -0.135773416365056
-0.265734441860153 -0.120219124403927
-0.259821335514704 -0.120828245259027
-0.240050478324936 -0.119849751401406
-0.231811386733079 -0.119719541695511
-0.239903295374454 -0.112993276052501
-0.24889166792907 -0.0959174608888013
-0.242511431473287 -0.100197497160497
-0.224579720337481 -0.133806176568302
-0.241377378858139 -0.120706046211098
-0.280773020387004 -0.0649574660983125
-0.326588973947971 0.000247187654680522
-0.367034446400289 0.0538849028725452
-0.349446702644265 0.0613201167162607
-0.271046214902098 0.0272114876330125
-0.189833353993997 -0.0159579499322345
-0.11540328834118 -0.0554458407376791
-0.049326245974083 -0.0805775144051615
-0.0245161824156149 -0.0891799798573215
-0.0239312574553811 -0.0954152661449303
-0.0445477905700068 -0.0904032641815578
-0.0745338761031868 -0.0744779472705202
-0.108850034615877 -0.0411613615009919
-0.107393385195911 -0.0189729144790363
-0.0643977716464938 -0.0177111227027159
-0.0296472486368184 -0.0165666264353226
-0.00818432301418588 -0.0242215073197242
0.00933864218479852 -0.0270870219705029
0.0310820646940635 -0.0259160578607422
0.0683071835558436 -0.0465789997815184
0.103236536654728 -0.0677238193784595
0.116182356342517 -0.0661820962447748
0.11684692689767 -0.0515000474336821
0.121879331095127 -0.047285978222133
0.138107593757089 -0.0546840820894698
0.161414134923582 -0.0707887524038689
0.177316551499504 -0.087473206812501
0.184368329520553 -0.0944527362739815
0.183834321034554 -0.0843974914894937
0.18200794011165 -0.0703782000283861
0.183428000708252 -0.0641304481638948
0.186966913628721 -0.0659885902256281
0.201216358033139 -0.0744351327229897
0.225325317404444 -0.083402892255569
0.24731438101522 -0.0879314992013246
0.258609293828648 -0.089554870216451
0.262547084383931 -0.0866166198259959
0.259750692955939 -0.0703625337884507
0.255799767933757 -0.0515795540879519
0.257584904314271 -0.0475127439151863
0.278561595494032 -0.0657933082274492
0.303003403945075 -0.0720936989710421
0.289021609422556 -0.00448480799282176
0.2481076474558 0.0978301923984471
0.185169586073763 0.204197441317395
0.106611001209125 0.299048253821589
0.0271628920751113 0.369832055695695
-0.0315899272243813 0.406214406767695
-0.0517164511325142 0.395020211920873
-0.0554576600527949 0.338205864087653
-0.0720156373471791 0.263598438103588
-0.107102142392669 0.195977512649342
-0.15626063071666 0.153161463687691
-0.200403283150734 0.133020084171161
-0.22800190905154 0.126585235548881
-0.233251852906744 0.113688211762468
-0.218553259188372 0.0822119013493705
-0.194948905684734 0.0435213906398551
-0.176193865732711 0.0304199001260187
-0.175545960951556 0.0776036782794132
-0.211907543305811 0.186625496844553
-0.286783452866026 0.300635744131177
-0.371730050671653 0.381752357350649
-0.423752463042611 0.411346084475111
-0.427362872576262 0.373015117925551
-0.402413776273346 0.284687818161208
-0.389797947709541 0.199504484160314
-0.381286895288936 0.14940931887424
-0.349982436574301 0.135117046043591
-0.31081426793079 0.144829195141691
-0.280253708150181 0.161533465514904
-0.280263401026111 0.196327270747232
-0.3251215525191 0.25700628783885
-0.393546219200099 0.328836615662088
-0.45222133039599 0.380646390363199
-0.48577302767402 0.384712548825738
-0.502211560755812 0.355429759864684
-0.517098317092845 0.315934861730667
-0.524187485020534 0.275654044255779
-0.498149030107685 0.247354343333965
-0.41015193196946 0.200817547007191
-0.329965904271447 0.164598046414919
-0.316377883833217 0.165312007335715
-0.349380121908809 0.15856675887914
-0.408152030808458 0.141250453777018
-0.439259962336829 0.0634062125031253
-0.43469646871399 -0.0633978982803771
-0.432561009109793 -0.165505831062613
-0.490026090243554 -0.111209486416602
-0.511436472010809 -0.0548044889657934
-0.496160637486855 -0.057274384508128
-0.478219892304371 -0.104974423377771
-0.45890080007286 -0.167104031524453
-0.459456980800618 -0.187217858539987
