-0.183375433293555 -0.176681102493112
-0.194358770140568 -0.156307790768036
-0.203658101975122 -0.134533523954059
-0.210820657487866 -0.111588049746118
-0.22204749562397 -0.0832689149628963
-0.230207750459847 -0.0537600283131525
-0.219885926266767 -0.0426104626692291
-0.18597422853868 -0.0552786790873041
-0.148054978294431 -0.0708358651193243
-0.101456942393627 -0.0891852566797163
-0.051136177189716 -0.107969416428603
-0.0392446161264167 -0.074350121923697
-0.0698662269053711 0.00556013689406906
-0.0909432243579209 0.0607708885440981
-0.081705505579479 0.0676819366621298
-0.0464954695481382 0.0345062702858861
-0.00570455109685865 -0.0153086425542621
0.0209187977464108 -0.0605789421901753
0.0213147797030436 -0.0839582948784122
0.011958789571744 -0.0926864002517151
-0.000513486111901063 -0.0886829803300493
-0.0149144422665401 -0.0902770951690721
-0.0272805909653158 -0.0995767925978336
-0.037524688880544 -0.107703317303579
-0.0462024714701711 -0.109498344915471
-0.0548011674234245 -0.106273589962973
-0.0632539585610604 -0.101411782884704
-0.0684039717201574 -0.0999172637264994
-0.0664941286132748 -0.108469215902857
-0.0609724504765364 -0.126743553316647
-0.062097251031965 -0.139249752888723
-0.0759713819996605 -0.130904247449287
-0.0913304472323094 -0.115900161292268
-0.112147729738987 -0.0886722328456808
-0.134979821767346 -0.0551031882266189
-0.147187090212825 -0.0357054618062833
-0.148516451560802 -0.0374061151065138
-0.139139732840416 -0.0606751339819923
-0.120058652949565 -0.0978184461090855
-0.0885157240180783 -0.147413297483681
-0.0879271707086065 -0.136914748889674
-0.101489582414062 -0.0936054324761512
-0.109047227502807 -0.064599099024154
-0.125224334483335 -0.0426895089723062
-0.147954779866404 -0.0435015424148375
-0.158543473146671 -0.0573587944748188
-0.154473202032799 -0.0681266011359607
-0.14748809910763 -0.0696559975153358
-0.147434323042445 -0.0722085216054232
-0.14916191446433 -0.0808599031971098
-0.156192407973396 -0.0829197347549516
-0.154569267903246 -0.0844818603268743
-0.131612874166754 -0.0981153789725989
-0.107896395740372 -0.106500834543269
-0.0985727755246239 -0.0930618066521662
-0.0978055961310216 -0.0641921038012877
-0.103229389478969 -0.0279690783210209
-0.126419627131534 0.0251396740461471
-0.160149942786205 0.0983332451919631
-0.18679885841968 0.173647365563352
-0.190967941297812 0.225252313697391
-0.15979977686019 0.235957493996786
-0.0957588904172306 0.216497499763902
-0.00568520679524782 0.178778235528397
0.0945627866505822 0.144846578736156
0.191909730617621 0.126970142973571
0.289066266723172 0.111038922829004
0.380720696691665 0.0932799100288633
0.460547880011191 0.0683904121585649
0.522147479028801 0.0462453929569949
0.559376427858723 0.0412075480331433
0.572163881666051 0.0450270825265916
0.577405460076243 0.0477882921286409
0.594579184211185 0.0450844008193903
0.631243905719753 0.0331401732805624
0.667914553621985 0.0236598958739784
0.69068855396906 0.0269360319241327
0.700957764772596 0.0396254901252549
0.704532065091997 0.0571866955166346
0.70971183032887 0.0653736476524303
0.72261346589627 0.0521946612105011
0.72736087313794 0.0449268579402655
0.717330048679145 0.0516172780476953
0.707209978745523 0.0485245052699951
0.697322541470337 0.0676023860705418
0.685532624791803 0.11951085084177
0.681786652202702 0.166421534011726
0.671456001612575 0.190967304494379
0.64836544732135 0.185489083261442
0.618858168609834 0.151641363651271
0.58591588436733 0.105428029088747
0.558399113895077 0.0619466113943408
0.54235864391097 0.0308464075025707
0.535640176096144 0.0157657619745752
0.532198943347604 0.0146622338448557
0.528460423072923 0.0125423519819667
0.523110667970086 -0.00444065129403302
0.51437158748897 -0.0348886505264794
0.486191832244584 -0.04566246132201
0.445609315447505 -0.020806258448827
0.428500463479804 -0.00617976555009642
0.433946785912453 -0.00384277383508035
0.450800221129811 -0.0107657754202668
0.465079057520725 -0.00913402227696551
0.468387511948487 0.0095230026392422
0.460997124703861 0.0326595167912745
0.443039901191465 0.0522972567623418
0.415689595428481 0.0556736007823376
0.38537300075773 0.0458112565634229
0.350719780881178 0.0394012351061294
0.308468277723171 0.0463329346578219
0.255672684918574 0.0725656937358516
0.210811916581704 0.110624498803789
0.194176146029543 0.142522326388718
0.200833721907276 0.165936449397024
0.236628771346237 0.171968985487013
0.296597545875328 0.162812706180633
0.371547984882769 0.14640247052326
0.456500475036415 0.12807717927523
0.532705936760596 0.110730024307924
0.58633704421697 0.0924951294325733
0.612854725551302 0.087747363752817
0.634034337861667 0.0775942878247401
0.665371924218106 0.0466877183451874
0.693543695668902 0.00776619423934937
0.704338110735496 -0.013845990471685
0.707801327185585 -0.0175056743787919
0.712723564740577 -0.0151942376757844
0.71623017096673 -0.00963928005837099
0.715137103738965 -0.000248120325383408
0.712976238928485 0.00458312581000621
0.718625920220127 -0.00330518006637243
0.718862933006391 0.00706377970221992
0.70720536642967 0.0388412308403404
0.696594529364193 0.0675130145525557
0.688474407563418 0.086725422726077
0.675574831944781 0.0928763156545122
0.653712542448009 0.0896268380301377
0.626816679207665 0.0804445413431987
0.602309629476781 0.0676636618794265
0.581519499633488 0.050265669874708
0.559155900796039 0.0214427429206379
0.535302334099589 -0.0176137162491004
0.514782535156876 -0.0524699363676504
0.491300109843111 -0.0498992789632128
0.458681153685461 -0.0101155073791176
0.42777106593073 0.0384293586249871
0.414531757149512 0.0694606804241668
0.425221645010261 0.0764660924350885
0.457808225931199 0.0680621273008951
0.51881093592175 0.0471804569217537
0.591846944939526 0.0298534882862317
0.645966176449385 0.0269854247243412
0.666512755952162 0.0284230014697015
0.669131243435446 0.0178782883169021
0.670575859630554 -0.00120447395588676
0.666566267770012 -0.00609857834047003
0.660321621105036 0.00471307052413103
0.665650023350041 0.00781376489526298
0.686346853333166 -0.0036312659995966
0.710146233523163 -0.0185749305416249
0.718291974261526 -0.0145930504179192
0.719916877206646 -0.0109595657012807
0.720036175835627 -0.012554827565946
0.721423856489075 -0.0233171493673107
0.707777924965486 -0.0135228953410092
0.685570690403645 0.0118171779671863
0.67538304609272 0.023435082146684
0.671228319048223 0.0285619144459359
0.679677465244845 0.0281373315865548
0.702159712583658 0.0257629692372979
0.714257189627579 0.0347480230781957
0.718874151905696 0.0333192111399056
0.733635117314994 0.0142674509680607
0.746606290921423 -0.00563375721391387
0.737307070141144 -0.00367248321187903
0.714599614766796 0.0133618800597123
0.705287939116702 0.0230986506374402
0.717588001713175 0.0251614534702512
0.73880316005097 0.0280999617852557
0.753135017171396 0.0379046850739974
0.75111691849731 0.059595549330489
0.748637584805713 0.0769721649090401
0.753876872046519 0.0845653417340702
0.772374751702352 0.0812308489906721
0.803281142463617 0.0689137435470012
0.837146133263479 0.0611039446712744
0.854852419053832 0.0714768965327083
0.85269671561358 0.0930995926456943
0.84520276853749 0.112328963170321
0.849185312966388 0.110600074527338
0.865833709349625 0.0851211465812671
0.885911405418348 0.0397670434788326
0.893244166045402 0.00547712927293438
0.857429655503629 0.042713507105164
0.823062633909914 0.0859639881407128
