0.44079820204468 -0.0301903378602685
0.419326433325736 -0.0193945389721862
0.399219475061445 -0.00680857665990064
0.375034651114863 0.0150920393716426
0.338144075902381 0.0567944372635879
0.317212361881366 0.0895061292206688
0.334558144986684 0.0972675080466798
0.379862482862414 0.0857439967059832
0.434797999875896 0.058812461604947
0.497652105157938 0.039041247837972
0.546344524949875 0.0346210025994417
0.569449093778866 0.0431982166467953
0.578383509607719 0.0427928395165434
0.592652564619451 0.0240763315687556
0.621357670406287 0.0039102684544972
0.643644675388237 0.00747513539375158
0.652636234644612 0.0110447166100074
0.650775039645225 0.008594292307981
0.650341927958734 0.00264321167398586
0.651720905206018 -0.00917803163279546
0.652919223928365 -0.0183458470514437
0.646601965426713 -0.0086459130351487
0.633747621450498 0.0177078271807218
0.616557841442724 0.0482283013118179
0.603498930183446 0.0711592325405633
0.60375908238146 0.0816180169102771
0.621547146587455 0.0805079494238565
0.65158703435857 0.064299604009086
0.680375477623484 0.0456230219565648
0.700350160284578 0.0368652124030598
0.709312877370821 0.0399310483923844
0.715300154697291 0.0436754176794439
0.710329539061735 0.0573885468963918
0.709656878933317 0.0628850446741212
0.721895588479154 0.0576510893950465
0.726325445547819 0.0555685070165239
0.73973298422925 0.0488034058422957
0.765300371164449 0.0399205268040137
0.78479002432597 0.0340199004466675
0.792898392977703 0.0353058709627073
0.798902399113158 0.0388710149056539
0.804407609288048 0.040458385877228
0.804891717569509 0.0507739214423264
0.799571371852402 0.0586094850390848
0.784101714587901 0.0594126913573475
0.763931770591767 0.0664501159825336
0.743439942872848 0.0799050679209773
0.714563367907865 0.090578310049882
0.679022966515473 0.0962329219280476
0.642192896824939 0.0959312773824646
0.600448961635936 0.0912082681144191
0.558511230634517 0.085182717390705
0.52448316675672 0.0757358927274633
0.493238309008723 0.0664963619128073
0.45972397646163 0.0662481610689132
0.425278051082654 0.0764969836566038
0.400283904122935 0.0868208439303065
0.390153370639549 0.0853842756127325
0.391244830006315 0.0609166639949614
0.403238132482086 0.0115293547402099
0.375244486111939 0.0240408206806995
0.307344208748302 0.0986201913662236
0.259787282155954 0.145855480604575
0.238681052030309 0.173083414491586
0.285003432587815 0.173155827368332
0.419782769009925 0.140217703648931
0.569404347371941 0.10536832108046
0.665254786840931 0.0868840348969674
0.715390321790875 0.0767867829059983
0.739960070539762 0.0770770226726462
0.761774013285862 0.0760763339826365
0.782090289728862 0.0825050200818428
0.798000113526765 0.103286687905576
0.817892455508287 0.119921826258776
0.849324857721221 0.115496336435312
0.876989440867521 0.105030704028924
0.864344933022663 0.129282743454713
0.817690600938055 0.161110241218756
0.778995351643384 0.154204412266472
0.732291036318184 0.136873282544811
0.694841737871492 0.133816459822673
0.66820300767381 0.0999913429477538
0.637474760293078 0.0560223197999043
0.597083817179302 0.0870561310622511
0.530148444352283 0.239216348262467
0.443856754097803 0.437291303540043
0.313587633910296 0.615866729828185
0.158071178542109 0.754749604055417
-0.0121297887985583 0.829152921280379
-0.178371657674781 0.816868164293826
-0.304952788489343 0.716777423463401
-0.384470482471449 0.552092204648586
-0.418002344014383 0.365974227084065
-0.428228551348686 0.207080284379067
-0.432910615588555 0.0935605624832552
-0.431029991043546 0.0122641443281438
-0.421025789332314 -0.0613255018639575
-0.408280828621671 -0.136122666466734
-0.418995634637326 -0.169997213244323
-0.454801179726986 -0.152269776818389
-0.479270726206677 -0.136575507725173
-0.498480905072167 -0.103679572711672
-0.519747860425904 -0.0366958218603987
-0.518135016158271 0.0114229485043786
-0.498671888981451 0.0356143830825713
-0.450260284896626 0.0218387465563696
-0.37593800275659 -0.0125256073090587
-0.289918416448603 -0.0505536226476937
-0.232124951626363 -0.0766281363925993
-0.187885137279235 -0.097239719896491
-0.169115296082037 -0.0992903151269786
-0.158897605345787 -0.096753649483242
-0.14799908101161 -0.090565241206631
-0.130094131114986 -0.0888768393873844
-0.111405139403533 -0.0908865871800689
-0.0853529326866799 -0.102395721177589
-0.0509018316527464 -0.120215488084165
-0.0214867319625697 -0.131690269810531
0.00646278557230477 -0.14047424867807
0.0325933622294031 -0.141254040968052
0.0463454041461167 -0.137120131777345
0.0507958464536686 -0.138260598487304
0.0499865353276373 -0.147115789368796
0.0472972425867598 -0.156980360961799
0.0441857252904383 -0.152742773291492
0.0402087361760597 -0.145698214417808
0.0372126233446852 -0.142184217688894
0.0359587060784774 -0.136287392770475
0.0433908998036444 -0.138037887137786
0.045695464590625 -0.129582568193158
0.0420156948527628 -0.117873713170611
0.04304222778901 -0.110001131959513
0.0496893122968855 -0.105743649121941
0.0663773886521546 -0.11725138616357
0.0867737423792928 -0.135242532203423
0.0982618923009296 -0.142297748531836
0.101500447407024 -0.139136088485789
0.10508659750378 -0.134131096151441
0.104483286660888 -0.126864936393814
0.102581126403748 -0.120148569922809
0.104169604201944 -0.116905210004495
0.105507200301114 -0.118162744303009
0.101611270264519 -0.120809038310352
0.0956085189132214 -0.121597538232512
0.0938126518583169 -0.12211255468868
0.0942389078584731 -0.121915575987689
0.092738293635748 -0.119754575170165
0.0927264198644541 -0.12229425534977
0.0953383235505957 -0.129731235712621
0.0955256663288288 -0.130960789271683
0.0906832886346367 -0.12052182246171
0.0759923185346174 -0.0940578437243756
0.0623462651896865 -0.0775731615260759
0.0510911921282399 -0.0794303487407973
0.0443809110506193 -0.100306788032058
0.0423901677465316 -0.129640866442046
0.0466627313075257 -0.149969314901058
0.0505665292544399 -0.150963213998216
0.0508662639418317 -0.149718198268816
0.0462106108726661 -0.147912945090492
0.0384965170572234 -0.146427216257505
0.0307434363495615 -0.143501826229516
0.0297573778446368 -0.141991983944275
0.0291836959689728 -0.131291223012052
0.0254718959652364 -0.1154754328546
0.0164416534048397 -0.101099519021325
0.00321783874585934 -0.0872792462287494
-0.00956827900809229 -0.0807546661373284
-0.0135039530859704 -0.0914351304593078
-0.0091944097682368 -0.103745338064676
-0.00181542759361036 -0.108338245688752
-0.00224661090288338 -0.100251213369701
-0.00716115462264588 -0.085675988482871
-0.0257119929323946 -0.0496068701884789
-0.0485302829847453 -0.00937347339382034
-0.0680057838294509 0.0273563064647294
-0.0853909908942649 0.0658222920994884
-0.0988974557378026 0.102666889593942
-0.0927962576892167 0.116799974733053
-0.0627932028089564 0.110734413247441
-0.015115134836361 0.0990461454295692
0.0372212251987186 0.0910438143218589
0.0810499097242007 0.0878447022560474
0.120757618550088 0.0893016810833377
0.167027871354842 0.0921310749014294
0.217486762019588 0.0940786048131894
0.269298280441917 0.0840721543970968
0.313789075025385 0.0555404325580523
0.338970825214065 0.0204994565977817
0.352023751479353 -0.0110029660134626
0.361325012059894 -0.0307630514330033
0.362439931931315 -0.0353395183215142
0.359171652522955 -0.0413075056123718
0.355502955067561 -0.0529408494507106
0.339777427051869 -0.0546917016636804
0.300753449635307 -0.0159779726963072
