0.578764641962455 -0.0299655254815943
0.587907356974721 -0.0299683467620205
0.59304615396806 -0.0327130110383329
0.591649081372565 -0.0353221945457526
0.590382743589762 -0.0388206648802021
0.592425432880092 -0.0437483291807267
0.592824459087243 -0.0426048250663769
0.590515108899117 -0.0388077585797581
0.580555363417102 -0.0382117913905398
0.572310225746359 -0.0401191429291489
0.568634210505021 -0.0409913940062059
0.561866816652407 -0.040900689335971
0.559377849227062 -0.0441287542853463
0.551606427511643 -0.0377209403389259
0.546527373700005 -0.024621606306406
0.541612770055646 -0.00976795612477823
0.526334790925846 0.013943578479136
0.510342144933497 0.0358806209493713
0.515246473207613 0.0411444267498982
0.539598761069779 0.0314592457001972
0.572602084615927 0.0142409431225826
0.602144995687246 0.00258409392481604
0.623527911227528 -0.00133774923496532
0.640460763188008 -0.00322858716437266
0.656455068192536 -0.00727117777508903
0.67152008643696 -0.0136635043117825
0.684191314212553 -0.0177824392973752
0.696620375807077 -0.0214095037715004
0.708967330869116 -0.0261616553610365
0.717597856317599 -0.0294294487589868
0.720957571544529 -0.027319452969557
0.723419318142181 -0.0242894613587732
0.725565012061021 -0.0207936206453045
0.726381154455741 -0.0167304628823209
0.726645869573079 -0.0139941023570772
0.727337478263287 -0.0128945833572444
0.72884711539018 -0.0125475008571912
0.732314248286919 -0.0129085188030223
0.737896357374513 -0.0143110300269381
0.744600261813543 -0.0163987223069146
0.752469605271042 -0.0192030498411085
0.760797432343459 -0.0220885969552664
0.766153373131644 -0.0239058204733175
0.764923648148568 -0.0217457386511152
0.759119262136182 -0.0155563619487245
0.75428794068632 -0.00996982293282626
0.753490843086589 -0.00927688123684971
0.754046733554121 -0.0114076505831493
0.752063558912535 -0.0111006270572773
0.74458917530511 -0.00322694416060777
0.744754596122877 -0.00969524062314979
0.747951913810499 -0.0209737136648545
0.746423559819712 -0.027313880199583
0.737878030748363 -0.027976043223474
0.715282499384984 -0.0159592058411843
0.715140094304899 -0.00897502693753079
0.721707477492513 0.00859139229915466
0.713817243739296 0.0286282971202902
0.709980320466499 0.0381654583885489
0.714357765881315 0.0350546916780335
0.722043926067023 0.0214689281186021
0.732964274945705 0.0113839834276648
0.723326882973896 0.0273448302339164
0.700581049622366 0.0577382197363648
0.688317199703226 0.0772511419758303
0.687923292250278 0.0839833904339105
0.694003369244632 0.078968207461163
0.701123077343181 0.0638705346423405
0.701690547930222 0.0455818830551735
0.690176255940447 0.0370665081759427
0.678042927903118 0.0407077513168571
0.659696115840732 0.0503884738814009
0.637152886061651 0.0564817613450221
0.608845698875364 0.0618567813678008
0.579889976477824 0.0739663669013408
0.552706471129278 0.0781376570202332
0.527342803914368 0.0731313002637382
0.50591830768384 0.0653493922559772
0.481998698063998 0.0553377933824244
0.451973517876438 0.0579465370815667
0.41537400901806 0.0826817458204157
0.379357171607919 0.113418703211438
0.337042956755572 0.139362142413205
0.284991609758425 0.154016843201244
0.221851604938943 0.154657761422019
0.152286900614826 0.141436253404401
0.0945679624633262 0.128149625705625
0.0435835776173274 0.117889357196349
-0.00852770203901608 0.109250344517619
-0.0536111293470968 0.0768600205463064
-0.092593833673925 0.0282720143726631
-0.136121940778971 -0.0129527521852295
-0.188957513718825 -0.0425018505326589
-0.240262208694731 -0.0671723482011811
-0.265106073752432 -0.0915149995326678
-0.265797588419659 -0.122746144170067
-0.260014752601697 -0.158891051134259
-0.27319210708221 -0.168046026388296
-0.306502036154207 -0.14290284828489
-0.336942123253461 -0.117408767498775
-0.34158481499149 -0.104393248760892
-0.316661046043039 -0.10254509748705
-0.273531453863821 -0.0972411838579181
-0.250190832564464 -0.0831290198511467
-0.240715865957793 -0.0672305993998961
-0.225164416701817 -0.0572383293383169
-0.177189235816079 -0.0663760670263511
-0.121619402083912 -0.0830919934526768
-0.0946160956870693 -0.0765744960801032
-0.0661611817698588 -0.0844836372945791
-0.0439916805310796 -0.097972316939485
-0.0353390596025203 -0.0934933603793566
-0.0276128858616598 -0.09199225080856
-0.0123422260169 -0.0993930590272204
-0.00155766803333055 -0.0961932246957368
-0.00478558610560861 -0.0769825072393594
-0.0115074606692403 -0.0607976742069431
-0.0190648926428337 -0.0553896325346966
-0.0266390458853473 -0.0571634399175777
-0.0239361107497326 -0.0671656285339778
-0.0102747789639174 -0.0841051198912817
-0.000590725644592381 -0.0978030598483706
-0.00062758359838766 -0.0999327872050836
-0.0121035026165234 -0.0834861146605832
-0.0243976020147273 -0.0696820783657132
-0.030905384285514 -0.0698067232129724
-0.039635890115164 -0.0656537802880602
-0.0610384514753709 -0.036832689109441
-0.0793220699067047 -0.0068129584719886
-0.0792362636477546 0.00831540183478964
-0.0478635879199663 -0.00365651799015753
-0.00364393012647698 -0.0229025334891737
0.0348433704053855 -0.0336417659902039
0.079406826674764 -0.0585345426321815
0.121418155907058 -0.0815572908768953
0.135564423482781 -0.070071067009549
0.134270071736486 -0.0646948921335081
0.128701795419847 -0.0749924560691987
0.100670079730408 -0.0580380153631299
0.0732548108832864 -0.0492702440652654
0.0352237926852319 -0.0208410991922551
0.029507878678262 -0.0153260828945184
0.0741772806281902 -0.050193601666784
0.120965388563924 -0.0914238855218314
0.130841702219701 -0.100046058732969
0.140946001997636 -0.102863286780053
0.1639310174925 -0.108637727273358
0.185039747760337 -0.110558274121828
0.195981531822772 -0.1096426834239
0.201346116937541 -0.107107503074721
0.207795618940746 -0.111415958133204
0.211361878832897 -0.110717703594903
0.212446252740196 -0.105321388150223
0.208002501629456 -0.0973620740338614
0.201590766528892 -0.0892408991518205
0.206753923896849 -0.0860968039820597
0.224465352691452 -0.0949429918649031
0.244764147971615 -0.110233212076786
0.253625231508311 -0.114580065823687
0.252230895385623 -0.106328521005392
0.252158492466167 -0.100880182969018
0.255343880364481 -0.102229429761197
0.262463063710272 -0.113468564448402
0.268661548411954 -0.120775668807627
0.271838456850568 -0.12552628517974
0.258988907120801 -0.112600177096785
0.248023842755625 -0.0959890598634643
0.251023201391345 -0.091491855692954
0.248151876488976 -0.0828921884491805
0.24714162274766 -0.0752526386309682
0.256294823564302 -0.0776494902464581
0.270293460628249 -0.0936545511324849
0.275605022601061 -0.111200357652058
0.266869154839128 -0.0994026501581276
0.254726350245128 -0.0790706296345548
0.240866947761062 -0.0559032923687778
0.242463552250082 -0.0404723162506525
0.250284754464843 -0.0392209720595357
0.253241055962464 -0.032381625225942
0.242981116024115 -0.0136441805920298
0.219732774450845 0.000583999911145255
0.186527404867685 0.00859445898789005
0.16241195316669 0.028049914568745
0.146726874900681 0.0382131493324924
0.133776700540167 0.033044602843595
0.130688652590625 0.021967824465916
0.154972947328003 0.00969947544591159
0.192227780298278 0.00898492281264837
0.211193832111295 0.0227235065936353
0.225363123344185 0.0440625352835128
0.246769500768145 0.0718198974304339
0.27323668290836 0.101427489630746
0.323358760030956 0.113600466769206
0.377620187296444 0.112635511704919
0.428777774448652 0.10863367862354
0.474589665034706 0.101917148691382
