-0.305649381538994 0.109926998934056
-0.294192683639567 0.10724906320835
-0.278080903878626 0.10367261607251
-0.248079760807516 0.0874444148596816
-0.202705554742098 0.0610435551564443
-0.161304658515945 0.0373177418524684
-0.133997617063246 0.0245434736540871
-0.102659894417849 0.00549769782503372
-0.0699563208787241 -0.0129918928280579
-0.034601123906384 -0.0332092872002569
0.00138787304963711 -0.0548957029551237
0.0053497609465995 -0.0414237061007211
-0.0310535652420992 0.0156117949416704
-0.0896206555148351 0.0908566387185426
-0.156579373756994 0.175812583491394
-0.226045924824617 0.246657222043904
-0.290699886224079 0.266243117557509
-0.343831031769395 0.217949945816105
-0.384042305497727 0.120381658719843
-0.409271829121779 0.00217131950827733
-0.425406702670116 -0.11377965250829
-0.448344929634393 -0.182277236137763
-0.478039921403465 -0.182236516030507
-0.495078731103795 -0.164044698717525
-0.501749156446448 -0.14523452747828
-0.494595739054469 -0.131639509729411
-0.472276809303943 -0.127508139718054
-0.453729198476185 -0.120575363215054
-0.447032366273778 -0.104076089282741
-0.430023822570117 -0.0974990075905187
-0.390717616612564 -0.105186539694511
-0.339703045932876 -0.12313658134226
-0.295851647684479 -0.141758843692917
-0.268896257912587 -0.149554849003362
-0.249799966110691 -0.145017030079477
-0.235978126583687 -0.136440325586257
-0.237875980917482 -0.1223971649022
-0.242930825316661 -0.109572910223152
-0.228539172992389 -0.109182666409773
-0.19544727700953 -0.123325043723848
-0.164836336416533 -0.140903420047217
-0.139946376353875 -0.157998217455941
-0.121705664314034 -0.168191653627706
-0.109549990518921 -0.167557055395866
-0.100911967204374 -0.163308621278969
-0.0965025988068325 -0.155903795493834
-0.0972812237001357 -0.146298116033602
-0.0975430312659617 -0.136418818108244
-0.0941395178633776 -0.128496682421836
-0.0903358790486318 -0.124184845798921
-0.0892931004428385 -0.122763551401783
-0.0883460386722625 -0.122947792870326
-0.0830597474557636 -0.116437119876705
-0.0695714249263959 -0.112829711805235
-0.051448836006627 -0.118163522204919
-0.0456797051543143 -0.122549441604814
-0.0501285526203211 -0.12341427259479
-0.0526967505903554 -0.125899557751415
-0.0439230366128053 -0.130974091353312
-0.0241389479054605 -0.13884383442793
-0.00472968786858677 -0.144183158960414
0.00437937693936154 -0.144311102268668
0.00135877581039473 -0.136089923907458
-0.0115040317047771 -0.11818862003826
-0.0252302301144617 -0.100308070283378
-0.0374885218388245 -0.0820630849737624
-0.0435190635455304 -0.0645536421902888
-0.0425442473737279 -0.0468406258004963
-0.0473258444428628 -0.0275632884448399
-0.0581187949513163 -0.0153443204374631
-0.0701410746630499 -0.0103670313754719
-0.0793929442317468 -0.0130600937190635
-0.0788581459296814 -0.0287086927373634
-0.0662817975881653 -0.0600603796586921
-0.0546639572608734 -0.0949199672349935
-0.064885802425371 -0.103995770109049
-0.0965523151491209 -0.0849146297322512
-0.118322691164328 -0.0732047051590543
-0.123265480148947 -0.0655912337769192
-0.137329847777741 -0.0236840370825341
-0.162502482809301 0.0278825576533909
-0.187408249953023 0.0544885243744999
-0.202445989508702 0.0557050137173755
-0.199579581108227 0.0383216146415929
-0.184280287522753 0.0172779958675912
-0.172637310328016 0.0110674237440811
-0.168755142799873 0.0220491582839384
-0.177491933082877 0.0483072324700577
-0.203880961766558 0.0836610501768124
-0.24662350507771 0.118699514516367
-0.301123900465232 0.14511476682046
-0.356151978073017 0.156402296217918
-0.39784580363619 0.146189515871873
-0.426010213236303 0.108904205831717
-0.449212907609781 0.0509244930524244
-0.474005669004737 -0.0151840353254516
-0.500989319535093 -0.0754456873386111
-0.524466257544182 -0.119721636915034
-0.535868516557183 -0.154684106779684
-0.542873481419642 -0.182344420274452
-0.562945638990717 -0.188818820569975
-0.593572688949894 -0.179215161994199
-0.624418234532852 -0.163429877878572
-0.640390061686822 -0.144562792286135
-0.644878660326536 -0.117327755577542
-0.640857895251986 -0.0881973479031725
-0.625051242048299 -0.0660045944162377
-0.591255351237878 -0.0617309726334452
-0.54593216315193 -0.0626236505981253
-0.487675165418723 -0.0695771888544089
-0.431935100727726 -0.0762631017720457
-0.386053090714239 -0.0840709343434309
-0.344486254250548 -0.0994884963159666
-0.293850982331738 -0.120017666063709
-0.266572995674462 -0.113398048426754
-0.25268773956088 -0.102016751377168
-0.240198966099544 -0.0986497363345729
-0.229762356179438 -0.0898982002859847
-0.214851575852806 -0.0880336157775547
-0.199944148339783 -0.091459215904196
-0.185253623874227 -0.0907186301373505
-0.164898449851133 -0.0901127067365192
-0.129644415909329 -0.0954021387363644
-0.0776120007931838 -0.114375742883756
-0.0457890244132524 -0.108570146257605
-0.0366623940487037 -0.0896446842394428
-0.0294759460315145 -0.0827698588538987
-0.0170926799806965 -0.0892892510467159
-0.000963183061444967 -0.1066161470424
0.0138362787404294 -0.120821047478955
0.0215415983422439 -0.122936767442117
0.0172122242643529 -0.112119755803937
0.0120969056955603 -0.100795235870823
0.0110648260789225 -0.0938902470350198
0.00859335486996614 -0.0885466433869314
0.0177338368341682 -0.093764735649508
0.0449363081106954 -0.112935354185773
0.0705685945132291 -0.127895365893242
0.078680164547059 -0.132372025566309
0.0815231270058388 -0.139312584488424
0.0823297833730568 -0.146362522747214
0.0782692270067691 -0.145262440090035
0.0715189882466231 -0.13932060436455
0.0669414424341255 -0.136252911468518
0.0640030397075323 -0.132497345534093
0.0592865397420639 -0.124984612372952
0.0616090697774397 -0.124268448990004
0.0695695450294892 -0.132234330194369
0.0635708797129219 -0.122819180928476
0.0406961361622223 -0.0880148724359639
0.0248775224876295 -0.0574040072159637
0.019189505114756 -0.0441294653602483
0.019030179616202 -0.0488673707153445
0.0295105142464059 -0.0734234687419807
0.0418387309896761 -0.106607346828829
0.041620343969737 -0.125405834202363
0.0312281437149181 -0.128073111911374
0.0187831817676545 -0.125831004159084
0.00762333163655661 -0.12526868779336
-0.00192362638381446 -0.124513113118929
-0.0090906299520708 -0.125123711718479
-0.0125309946711743 -0.128641593175292
-0.0126623526322731 -0.134964486427417
-0.0134097833338889 -0.140817317822617
-0.0245010744680922 -0.13085432408402
-0.0392337423349478 -0.110998311843903
-0.0439757845080495 -0.104689185029285
-0.0344396215621145 -0.116660988815192
-0.0200520245610671 -0.128823893854051
-0.0332620822292587 -0.0878236156032163
-0.039699063464796 -0.0583420182922798
-0.0355379235204355 -0.0533436238386198
-0.0362222012671794 -0.063555560716737
-0.0447105096380016 -0.0957027769482632
-0.0618822478222714 -0.129132345245383
-0.0767159457142869 -0.130615593337789
-0.0855813184214885 -0.121256367476968
-0.0978850555758567 -0.114065377874854
-0.109900933525915 -0.114100863490388
-0.113223105096461 -0.120986076585864
-0.117799606047259 -0.128920713957794
-0.12526564564063 -0.134656317217689
-0.136373692035347 -0.136001546282116
-0.151120156472365 -0.125512104300309
-0.164301083551319 -0.110998751638365
-0.175653873126934 -0.102522218696777
-0.186540407955473 -0.0944170314735619
-0.186115960150461 -0.0963941858069593
-0.18070369442254 -0.097940104417538
-0.168442412815671 -0.0980767844745109
-0.138588702227075 -0.109568357900841
-0.109712548257472 -0.116116574540553
-0.0956356529928794 -0.111337183788294
-0.0928311113670425 -0.0983623347599957
-0.0913948305963306 -0.0898380562891892
-0.0737859357277728 -0.101720762966722
