-0.0554464900369631 -0.0330108595367561
-0.0496905749316553 -0.0473919627061048
-0.0315794252620773 -0.0753692232449195
-0.0138494307767565 -0.0955308090919924
-0.00842780873614238 -0.0956175893452261
-0.0085453371366391 -0.0871289524736951
-0.0190010925386882 -0.0683703792740299
-0.028695775801621 -0.0622675761152387
-0.0363828181128135 -0.0674887150358086
-0.0457447137961424 -0.0818365319827979
-0.0705199509078854 -0.0938941351585811
-0.0970363267661348 -0.0957998380174496
-0.103338302717058 -0.0960640645733194
-0.100633774885715 -0.0960758527534084
-0.0858538984843301 -0.0974222228238893
-0.0736893050673762 -0.0874581823236668
-0.0666231501165639 -0.0672171312435685
-0.0618772580746348 -0.0505009270674197
-0.0529058191553258 -0.0524872601822962
-0.0381183357282044 -0.0645049742270791
-0.0170790799023382 -0.0766275008365254
0.0030869335493259 -0.0854059043311389
0.0309347288464985 -0.0967959653164041
0.0630065955048122 -0.108511821873974
0.0893142472013544 -0.11582214028336
0.104714030740038 -0.119710970323794
0.109663621214105 -0.123586475920553
0.110270136006385 -0.131777622003073
0.104615421792713 -0.130112601914324
0.100988455459053 -0.119490914952769
0.0958772147740675 -0.102479996953104
0.0816824389161763 -0.08290624786629
0.0714874974901176 -0.0674412817749368
0.0710404621362799 -0.0590940222242706
0.0657810358728897 -0.0626093907969874
0.0540411261499415 -0.0788938821579138
0.0461704898115001 -0.0989739663956525
0.0448666500130829 -0.118562549795385
0.0437651182818484 -0.128854564112264
0.0437937776168216 -0.130038234336519
0.0412834806979636 -0.124079209400224
0.0334534989368628 -0.115122007098157
0.0273623135351802 -0.109419322912928
0.0312979690069067 -0.109620758993312
0.0316171650751924 -0.108760819448551
0.0252730264411547 -0.104207106708003
0.0174577956230514 -0.0954016912112298
0.0111322876919792 -0.0887707305111543
0.0095209478593159 -0.0901450109571782
0.0168213330068545 -0.0976918523216789
0.0243485667535972 -0.0988998195926077
0.0392596795016309 -0.108596219370847
0.0495878314550252 -0.111295301330022
0.0454587748827454 -0.102840528397212
0.0317233306203318 -0.0905341268139476
0.013439636747355 -0.0820715890076442
0.0250564709822246 -0.0896327230003092
0.0332045520408372 -0.0923394935167536
0.0216542200329371 -0.0956855385684868
0.0172544157460705 -0.110456517543737
0.0143781691844264 -0.128194262200684
0.00168443970519648 -0.136554726685909
-0.0303055534181553 -0.107246194915919
-0.0394054112881793 -0.0957353193012139
-0.0475303614594128 -0.0843693866222623
-0.0655245155396172 -0.0569820803484516
-0.0675326969127853 -0.0358361306187102
-0.0413813134006683 -0.0378827664046506
-0.0452643412195887 -0.0261892985877205
-0.0721856335649681 -0.00778196714566559
-0.0933035165602924 0.00873703601757451
-0.107467975747839 0.029059310477318
-0.117766721597541 0.0532090072572444
-0.126791332810439 0.0770856214145837
-0.132155074042335 0.090235466985216
-0.133843653880709 0.0777934443508883
-0.134446146594604 0.0405803777116846
-0.14001210631623 -0.00503235858010938
-0.156246785172855 -0.0430177274626476
-0.171527321768622 -0.0667869617107021
-0.179881211462667 -0.0701771780383971
-0.192127792271781 -0.0408605277165391
-0.202664638546016 -0.0019811533953313
-0.202809553232015 0.0172549607839385
-0.210173267472175 0.0357542991713952
-0.251513160528665 0.0560479859911963
-0.319759973916963 0.0775438230356647
-0.392445575323239 0.133984547202328
-0.449074240766386 0.217988885316498
-0.483443987243262 0.275129979058845
-0.498372372552768 0.280177912753171
-0.496117321421809 0.221830866335591
-0.502400983829892 0.119801595122653
-0.527411363429571 0.0178699844730918
-0.543656876278004 -0.059562863202491
-0.5371425377663 -0.118385261218612
-0.516683586159975 -0.148056090454341
-0.524245759801826 -0.106217041697938
-0.55167181543455 -0.0284343053796203
-0.576766950495808 0.0351927042333667
-0.587123100899461 0.0630480013564013
-0.585150606878951 0.0612490953438092
-0.573802369801112 0.0403619868197314
-0.541305476617473 0.0058191324859868
-0.497076252186578 -0.0159074150506305
-0.440578257732104 -0.0244586216127172
-0.37164282588687 -0.042315478734402
-0.30940170455114 -0.0587606986203515
-0.265374791998753 -0.0604330373584724
-0.226525220301238 -0.0590712800349912
-0.192877741183063 -0.0635183349874968
-0.172513605707953 -0.065670526993325
-0.157745281811738 -0.0674582150695015
-0.138965420046889 -0.0731712520118491
-0.109528376077277 -0.0847376041285084
-0.0800495421454198 -0.0869606549951505
-0.0562431757569333 -0.0783036734385682
-0.0242147632243725 -0.0825307244162787
0.000510235352176705 -0.0848800933828703
0.00902218386633633 -0.0905170993187697
0.00910487120035527 -0.111538699992003
0.0038287907124697 -0.128483927245847
-0.00320023660833426 -0.127297161098323
-0.008522666803139 -0.116002816702467
-0.0118673014569173 -0.109621534092251
-0.0101897350248416 -0.109504963284579
-0.00681518540384181 -0.115942590087388
-0.00907664427290262 -0.120939879481138
-0.0135405391275018 -0.126116170880524
-0.0175259130052184 -0.133242930836961
-0.0362840778609138 -0.121486018921254
-0.0479121492099518 -0.0979282440653272
-0.0378653303829476 -0.0890003473243387
-0.0292530881075697 -0.088517817606724
-0.0297817697134602 -0.0841009389580098
0.000830491755280451 -0.0934534223586823
0.0453718948616644 -0.102877914916738
0.0646794365261344 -0.111322691221833
0.0627603108560001 -0.126460416514686
0.0530238829294029 -0.119478309507083
0.0434232374669083 -0.102583554027069
0.0386618135102215 -0.0911572153393184
0.0412002128319535 -0.089115942714312
0.037844571263951 -0.09880541674414
0.0173480772122658 -0.106869952811487
-0.00926663227871034 -0.107400243697271
-0.0247828811736715 -0.104273181903061
-0.0376597269965379 -0.086905010997336
-0.0583610392106829 -0.0554861659398837
-0.0900024452367741 -0.0272810734482883
-0.129999488293606 -0.00246950500212661
-0.16873498882598 0.016196774921449
-0.205573014341899 0.0312411739679261
-0.21303134441821 0.0276142991860813
-0.189068385447094 0.0154524069547777
-0.161792122136226 0.0112295587927897
-0.154604207264663 0.0359628996350573
-0.156454973666433 0.0794939446976002
-0.155921011398838 0.122436919071945
-0.155862708430158 0.166153808735907
-0.161782500349613 0.206595487487381
-0.18042732502939 0.235710836812356
-0.213002357626225 0.255938098285555
-0.252136428377041 0.261337801941741
-0.294135678546298 0.246422050108056
-0.337371173895174 0.215459798486152
-0.376606887302742 0.180946549856865
-0.418509188353541 0.149703236959089
-0.452923464735791 0.116706334309476
-0.472040887682429 0.0777174538816078
-0.483735684574148 0.0422566555170013
-0.490249231239905 0.0100167827448174
-0.493128707305371 -0.017960118338482
-0.492632341574407 -0.0411277615237818
-0.49213206630517 -0.0614719970893552
-0.492338411420478 -0.0782337800468597
-0.496073545593179 -0.0891145989246224
-0.504330143251431 -0.091847948554684
-0.51831274018611 -0.0844497975343721
-0.539676026026332 -0.0606256657409366
-0.564034530375676 -0.0216462047852213
-0.582787047866201 0.0224831165772334
-0.590765440189272 0.0584098150133768
-0.588262215823329 0.0824582925559972
-0.56474785178488 0.0747107099258341
-0.5246426824101 0.0442707820318477
-0.489498003310906 0.0208591863119966
-0.45025690195486 -0.0056513847129594
-0.396030688109815 -0.0401231616460261
-0.335960969423449 -0.0653300677984306
-0.275294033121189 -0.0820890772579946
-0.201997039400518 -0.105177967169028
-0.16289988346773 -0.116599233842578
-0.158393577474481 -0.111956633406824
-0.152473452549607 -0.105437869355576
-0.141584810542265 -0.102128680475875
