-0.160235918295642 -0.120172879752061
-0.162809875909485 -0.100544731315267
-0.159118464232465 -0.0895875276788262
-0.144531881107311 -0.0956015937415863
-0.123962307816237 -0.116946801168722
-0.113827281393609 -0.136953221520407
-0.125891368499452 -0.121900742909494
-0.144043541303634 -0.0707289393449028
-0.142289064956332 -0.0326265183739703
-0.13229866428115 -0.015583575960354
-0.132181467956387 -0.0290929040376562
-0.142004657092572 -0.070782937269878
-0.151782730193521 -0.113937469453544
-0.152579290663474 -0.140345791697603
-0.154564803363821 -0.142215900171715
-0.186506074588964 -0.0852418569128846
-0.215550666093898 -0.0250743987307671
-0.22376737192945 0.0117504800123251
-0.225079196403408 0.040984852549123
-0.218797856553539 0.0780166767454012
-0.200697725274253 0.118824273658213
-0.166269012312378 0.146955189652144
-0.120481334072237 0.161188977537628
-0.0487318550702551 0.152817462873602
0.0531452035592339 0.11807176013783
0.166506529482827 0.0702751396626849
0.258815671055539 0.0268438892053582
0.311841134960897 0.0100307417056454
0.313689812250683 0.0188889303150805
0.282655899914897 0.0268071127712432
0.249500795746322 0.018548326608383
0.234728224098243 -0.00040640022619768
0.231264940903852 -0.0032791590893553
0.225672823146727 -0.00431590579584182
0.214551579730564 -0.00528812562299716
0.193631730434181 0.00188885560872382
0.160500590971028 0.0241664510045611
0.128143141556296 0.0572522721520633
0.119801065701397 0.0856707783543572
0.1279800785483 0.103330932378413
0.129722150192269 0.100051082727307
0.116804740455328 0.0958185696672874
0.0945098540292461 0.100860698056149
0.0589826969710089 0.117113396372563
0.0125349250046128 0.14377942443811
-0.0439858619526352 0.182310822849307
-0.111266136071143 0.221620490087711
-0.187951154411437 0.266872984545771
-0.273443057045469 0.313942373019105
-0.360345486087749 0.34917652716584
-0.430956921651198 0.357173043622324
-0.464667768269132 0.3322708448184
-0.465158276284042 0.276465435175865
-0.448605974672356 0.197040927258769
-0.432642245513053 0.110815624318973
-0.428585787074995 0.0418767968040559
-0.43123020540098 -0.00468788569772731
-0.426610984982251 -0.0349332259520391
-0.421932388826001 -0.0338821107379876
-0.421659611245629 -0.0184418858909344
-0.431805590833931 -0.00125855363302864
-0.444151438248948 0.0132945896591745
-0.456704422613597 0.0303586533263123
-0.477442567162214 0.0535157090153958
-0.511671389419203 0.0856249482123355
-0.550695288573178 0.127539348539869
-0.574575284014609 0.168450150686921
-0.56867674857844 0.175442265789282
-0.540101556938186 0.141189331240363
-0.512178324798125 0.0835730109430611
-0.504535487615603 0.0421353984575758
-0.513011653530942 0.0218583472415495
-0.509378775602595 0.00418165580383891
-0.483311731362608 -0.0264362369509437
-0.444507746386398 -0.0697301803874037
-0.409123833916835 -0.124451186973166
-0.42414803883441 -0.134254091133309
-0.459516671131101 -0.120186970022518
-0.477077383947418 -0.111119712403941
-0.473400796043685 -0.108290526550838
-0.425183545406674 -0.131590574754767
-0.355080674045484 -0.15545380045076
-0.324582363524937 -0.114374681168788
-0.345410399815679 -0.0540697201492191
-0.402922510256911 0.0279385558872852
-0.467223946213788 0.105974268884361
-0.497150036152682 0.130404933837635
-0.462323800546882 0.0897953401708224
-0.36401796334845 0.00441702522082012
-0.23794517897408 -0.07623595234755
-0.158570586473729 -0.0793762786116329
-0.133457255015043 -0.0553660759680579
-0.14802062145875 -0.0336610566454721
-0.225663466848859 0.0497684764200878
-0.317566865346139 0.145805311683854
-0.378830056174732 0.218492335452749
-0.365605233967722 0.246894899504479
-0.281076196336358 0.230173149577052
-0.170781654608995 0.1896595298522
-0.0475522827620392 0.134858180842495
0.0698893711321344 0.0820153779939323
0.178182220296571 0.0337456829570437
0.264396180138952 -0.00189675137337214
0.31931076532122 -0.0132018621530619
0.345171878584862 -0.00124517759909402
0.350187869162547 0.0168361162495958
0.345708541229674 0.0313210432361606
0.340382868530196 0.0414437111464369
0.346156897602966 0.0363809523747027
0.351630041303629 0.0368363141275498
0.351125904531127 0.0526570459077435
0.352213108765698 0.0764713822510169
0.359898256881162 0.0964100126567185
0.391480724847654 0.0980579770404943
0.456089010919422 0.0797436676002803
0.545856605391079 0.0544406626428077
0.617889318511844 0.0456549174534766
0.650729511547418 0.0533794656601972
0.662489589006471 0.0443434415315918
0.645810982019141 0.0508239590107089
0.61413519614864 0.065129973460579
0.581010837542253 0.0794012470813869
0.556913545437785 0.0787867612884413
0.53824302117812 0.0671013940879689
0.538471978775126 0.0350428453330464
0.559297138516986 0.00267908769558497
0.588774713125403 -0.0143172152781091
0.614009131418273 -0.0231192328006497
0.629740372769086 -0.025326837559303
0.650703585512102 -0.0366577687657499
0.663158333548352 -0.0343673269443374
0.654591047702932 -0.013243271474076
0.617952007581358 0.0273056077198508
0.580424710806729 0.0654269889560956
0.56407422787278 0.0868286996330967
0.582536474754589 0.0898073740713029
0.634726922432428 0.0795518211149143
0.70897798027255 0.0574153395662953
0.774613980927833 0.0338513054418792
0.813930414154644 0.0162068504557375
0.83224570743188 0.0047509582809117
0.838955658018721 0.00619632594200858
0.834673591587974 0.0223573631885898
0.831528112898244 0.037003986048814
0.831640190957138 0.0441275923501906
0.834103723217918 0.0464518766089806
0.845860051220058 0.0442999623448067
0.861169630212294 0.0395023672909769
0.866447982902092 0.0400522434636266
0.857378184230478 0.0445148237592741
0.840000631606258 0.0480768339942211
0.825117686759209 0.0430537603439796
0.815481034555472 0.0323079647479536
0.801790213339684 0.0211781916753357
0.782897908625656 0.00994567851903914
0.764033830879268 0.00163695578800253
0.752258585426841 0.000242939853925492
0.748900796019066 3.77529263246724e-05
0.748098865056925 -0.000324588867333594
0.743227492819014 0.00595859489002646
0.733669679555842 0.0210006539570181
0.724539480626854 0.0406558131874562
0.716734900816116 0.0589514942465266
0.712086094043082 0.070421338105399
0.717162700321297 0.0695712327710975
0.737052211512501 0.0572842578941671
0.765915074219493 0.0385455556817691
0.792303593933854 0.0223024042835568
0.804363355898342 0.0165649564288022
0.799680105260961 0.0147419867679278
0.783701268188239 0.0147487413350438
0.763549003406814 0.017515416702801
0.749029124545127 0.0213477079573861
0.744890691572795 0.0201214096915274
0.745767824532787 0.0167434405687307
0.74314640558787 0.00398452101790365
0.739080827965038 -0.0111126065010135
0.735256723808014 -0.0104720244892288
0.733959820109957 0.00142755791930896
0.728030182668315 0.00885766390783132
0.718254295021084 0.0103008841613089
0.707859708796698 0.0092877973663328
0.69878003095114 0.00527062026671749
0.690178895136277 -0.00289383286381674
0.680545503997578 -0.0112338822431868
0.668385724076942 -0.0155861749527027
0.657235977391675 -0.0190936720766083
0.652488106237787 -0.0240503581279113
0.655364216579786 -0.0282000238349035
0.660962155571917 -0.0316141953583287
0.664169607528625 -0.0347841335787254
0.662034512380131 -0.0319307766557277
0.655412210011002 -0.0249455153557868
0.640995776104596 -0.00898291191029886
0.625489213753191 0.0123264372016477
0.610953734442673 0.0418657774223229
