0.75029855456112 0.00442928184435393
0.745598487099784 0.0307465808922267
0.732777920824646 0.0625765440407827
0.730533904810969 0.0796653321143935
0.73214099725016 0.0837718599503879
0.725487187926518 0.0724209856905976
0.707168974688916 0.0507202442659591
0.689287140065285 0.0239106145838562
0.677186296682054 0.000698323595268601
0.65206135868821 0.0127959343250571
0.627290716282955 0.0391484309539964
0.61432439219303 0.0552875146834173
0.619261882908569 0.0573776267134791
0.64826510277508 0.0401213289734968
0.690560328334568 0.0134514754734322
0.724625121453754 0.000935667011099986
0.73239513410533 0.016705974089995
0.73480658316894 0.0192110815688652
0.732238969251974 0.0108572510165391
0.7170233018126 0.0105211553781203
0.688877530375846 0.0189726181657045
0.660701694514895 0.0248401786771373
0.648645296063303 0.0232450177097245
0.655061160136313 0.0169693918808772
0.675735302604831 0.00299572375395715
0.694978641252761 -0.013582186267413
0.689834702266411 0.00534434163681392
0.672666677813196 0.0433476826249505
0.655058614854344 0.0728344325153602
0.636871142418755 0.0923403000876744
0.618495630210478 0.0898413536593333
0.595927220293773 0.0664022305381539
0.568683185132435 0.0401590873185139
0.543006168425237 0.0213255176493155
0.517170176551403 0.0083797114845825
0.497849387442279 -0.000805139413420432
0.490658066518046 -0.0107010321478181
0.484928074140759 -0.0225757581210872
0.47089882675659 -0.0337652603905107
0.45450115293233 -0.050556646456191
0.438005393371974 -0.0589638102073522
0.420360458894107 -0.0409002806498947
0.417091265027881 -0.0264657212742156
0.415620220039525 -0.0145124877596942
0.413657382997911 -0.00674960658244924
0.427526831531026 -0.0108345906206615
0.46752247762792 -0.034266388857943
0.481612357345767 -0.0137552909914209
0.485773969566481 0.0122663471877599
0.488000337117606 0.0387050703362779
0.482522316632888 0.0654013161074287
0.480589808952726 0.0660226033000497
0.491731529845614 0.0456894305736962
0.500034533337376 0.0426242372925713
0.485551660585371 0.0696969802726247
0.450193111808081 0.10638096899682
0.416188078848703 0.129872245444864
0.396238623107684 0.134978363165346
0.414874950076442 0.106826336944809
0.460408707152043 0.0447240926622502
0.489622488379313 -0.0160512084718144
0.4755662871236 -0.0263458105842975
0.448441197713794 -0.0132847791852968
0.424534557142688 0.00031858705668884
0.422823453603013 0.00131312515734355
0.435232279706606 0.00144265718424659
0.434723002373212 0.011473121848263
0.425215352027734 0.00470768249860172
0.403947358087565 0.0124001320800578
0.350137538335875 0.0784022777361541
0.267742666631428 0.193402260569045
0.162526288883727 0.340572981743124
0.0359549092845692 0.498451111740486
-0.102707553312822 0.61426783278374
-0.232739421497579 0.64440444417071
-0.341382607859158 0.572600552696159
-0.419777555853442 0.434496152058253
-0.468179906139679 0.290144526476152
-0.501294957011995 0.19723735362382
-0.538474631594686 0.170417203285778
-0.569773491377795 0.183341481913454
-0.569852347420649 0.192713489269072
-0.538114885297091 0.177236296251797
-0.496185972364056 0.140995279755018
-0.468488972188366 0.0983369682614296
-0.457668101169327 0.0725068727621679
-0.461245668441172 0.0692008137716117
-0.472159072200284 0.0639394994868037
-0.475260205356731 0.0310731957111638
-0.462456559690339 -0.0153970273030642
-0.444886624143784 -0.0572080579163827
-0.433382544336916 -0.0940759729033459
-0.428004090226026 -0.137816501848403
-0.429014023223831 -0.166284286674685
-0.437372713455424 -0.169845685814831
-0.449233133888836 -0.156680011593251
-0.453287660192899 -0.145073729581146
-0.44404231607732 -0.142763444800268
-0.427856165932632 -0.145956169575849
-0.406099140416811 -0.165407960466695
-0.38245028920129 -0.199982644255922
-0.366409087653319 -0.229775666348934
-0.379337501228696 -0.210818074708083
-0.394950047433727 -0.175291004492155
-0.407839117884818 -0.132480193489932
-0.427614022792989 -0.0803005863898727
-0.457493755842384 -0.0239721327803185
-0.476134777288622 0.0167609601147943
-0.460367494608852 0.0203093148868467
-0.406136826073277 -0.0132580532692734
-0.327859883258498 -0.0559946400254063
-0.262442157053839 -0.0633118724762091
-0.229675184550782 -0.0309442357218034
-0.207685410327778 -0.0124130159244467
-0.167335088187417 -0.0345050996775511
-0.121403928368284 -0.0752208000939503
-0.0926700094662042 -0.10722163462006
-0.0827699803484433 -0.127513814430096
-0.077167567752717 -0.142528408119787
-0.0713036752841663 -0.15280675285225
-0.0648146131257134 -0.160015136338185
-0.060090617615729 -0.161746450888284
-0.0578643029492958 -0.164308189312237
-0.0548354610626947 -0.173851735772083
-0.0549473201463096 -0.183743980000179
-0.058230211308473 -0.184134583822415
-0.0596717288911545 -0.174053527756888
-0.0581589045603744 -0.163592746864101
-0.0587590396431236 -0.157614621208222
-0.0636909344039331 -0.156881111380502
-0.0674884751897773 -0.167967009963566
-0.0664104097011359 -0.183081392939548
-0.0653902578871569 -0.187504298276986
-0.0754891710571956 -0.172156600460851
-0.0889263568446143 -0.154966318529037
-0.0966106133887085 -0.144908381864496
-0.10017323027422 -0.143448109844838
-0.100431644306576 -0.150569751788209
-0.0991987222030714 -0.158392266539145
-0.103437179117619 -0.154256935998654
-0.109244006758091 -0.154643483531959
-0.1189154745627 -0.152829398068123
-0.147649668564278 -0.118737332608396
-0.180567856427208 -0.0835262344576458
-0.211175146632164 -0.0571337508572938
-0.214796241891763 -0.0510000948591966
-0.175509810370583 -0.0684313489331562
-0.102727131796749 -0.102903256176866
-0.0271340672867523 -0.13847104652292
0.0259071141932052 -0.156742297634647
0.0410655925335856 -0.141777084787466
0.0378427606365868 -0.124448775989783
0.0299375121014701 -0.114979774907165
0.0248266131775888 -0.114406827779444
0.0255318187261445 -0.123185100176062
0.0249600234133541 -0.134135001819024
0.0210427239718683 -0.148546783530637
0.00904263498383692 -0.151911589447098
-0.00414995458795116 -0.14141987837922
-0.00597055423261072 -0.13664835669521
0.00264069908577795 -0.138907481535847
0.0231313821639236 -0.146286576180855
0.0483117803065917 -0.156032307998674
0.0663512197166275 -0.170013723724525
0.0621650342834541 -0.158258529347344
0.0528660847457264 -0.137482650518713
0.0472091433435811 -0.121949828623143
0.0416467906932336 -0.109802489960194
0.0365793296631314 -0.10721248268115
0.0350008092585423 -0.120038861953124
0.0323427165743171 -0.135486033012805
0.0266907511377948 -0.149392862800135
0.0181241024570086 -0.159108109558168
0.0106003536661011 -0.161169002124974
0.0094396753850662 -0.16299082365732
0.00892541401209572 -0.16726568218337
0.00989276699986241 -0.168824766492787
0.0120875999264379 -0.167714837462159
0.0150406243033608 -0.159987940839311
0.000885804122527257 -0.125336243439598
-0.0301961630204411 -0.0690335479987212
-0.0598820147837765 -0.0202879958544663
-0.074660391200765 0.0130224363968112
-0.0525484693682197 0.00940418120422607
0.00591996797925215 -0.0236286314030069
0.0623654067710105 -0.0678209298397263
0.0822498486769828 -0.108567608373232
0.0747068868004854 -0.128393715096033
0.0718500112426411 -0.120736417794923
0.0747752819683196 -0.122446439191867
0.0584355113361753 -0.111704523072547
0.0172695736947518 -0.0716845666647177
-0.0135907092027269 -0.0299732393942197
-0.029221046486989 0.00893506349246299
-0.0267465042598045 0.0453051004786626
-0.00612272559189119 0.0796616694306737
