-0.0490201621716072 -0.0233158305087185
0.00975846692497094 -0.0654074272552147
0.0503286273519521 -0.0932174820947415
0.0699845213765311 -0.0980671143803295
0.0630911756066078 -0.0656246042832749
0.0490765563209325 -0.0260356455280628
0.0352481562888689 0.00426833383407771
0.0166217324866806 0.0294225187328283
-0.00950548129064529 0.0399333843576018
-0.0362074030914185 0.0319992171472716
-0.0369761072601063 0.00867426264556998
-0.0259525432249551 -0.0078572702854352
-0.0310247207837582 -0.0114619328261147
-0.0426416762962814 -0.0319803516427447
-0.0497092527620979 -0.0469249560346646
-0.0654686702832322 -0.042117048165126
-0.0953304156758552 -0.0513007960033066
-0.137075986248612 -0.069192569521958
-0.177625030776683 -0.0768454525885156
-0.205517523305401 -0.0710118400643482
-0.224614579112368 -0.0393053959148599
-0.239723989398359 -0.0217865975494528
-0.254119678420378 -0.0412393387009905
-0.256415071594039 -0.0992168505352077
-0.240234525123537 -0.179735473685472
-0.302264074394976 -0.124893176052868
-0.391332348256656 -0.00497649896697251
-0.440611437564775 0.0639116518198381
-0.433783171759797 0.0623662372168035
-0.362761134671835 0.00889573008796944
-0.23715212952659 -0.0713229527156585
-0.122451692155517 -0.105236456585393
-0.0865782776920651 -0.0656120503637895
-0.0871456218011357 -0.0411812617973103
-0.117148785012503 -0.0158452934775525
-0.148447653627309 0.00292443657832018
-0.162397809658495 0.0159391760160487
-0.130475459842053 0.0148694210382468
-0.0654189626351557 0.000534392804931336
-0.00495251430029445 -0.0198139349175298
0.0284959129283903 -0.0447771018938753
0.0476113597238237 -0.0824798484102934
0.0504434474600562 -0.115699263098233
0.0396628235034633 -0.126239445044623
0.0233442441183762 -0.111678959569664
0.0206406138603955 -0.10806136583086
0.0115369584292913 -0.0894326573588934
-0.0237159844562766 -0.0311170455647919
-0.0629796114345567 0.0365632129772759
-0.0994054543273257 0.0920814873213927
-0.156225369974433 0.124916485951725
-0.202654418797004 0.0961750134291665
-0.220457614508555 0.0396921346243269
-0.22786469023081 0.019961571135796
-0.24702110532834 0.0417956587123034
-0.281471874060789 0.0882624901667483
-0.330442894324917 0.166009893099742
-0.389333349208445 0.263896823090527
-0.453081525734542 0.346365381520607
-0.511591552729998 0.381640871292327
-0.548246450348079 0.37111381872889
-0.548616528727361 0.324554420392558
-0.5247345439518 0.254759513993449
-0.484061246868502 0.185898719699315
-0.431019501003778 0.133187737846776
-0.375816665942401 0.0965010165943449
-0.331018623343066 0.0656675470076361
-0.289201486576931 0.028663579369343
-0.242503368829486 -0.0220705520123038
-0.186709428593826 -0.0712593288331299
-0.136734055356595 -0.0852415609981182
-0.112475672712436 -0.0465102788662451
-0.0961920663056749 -0.014965429963534
-0.0919561306594053 -0.00360860019938729
-0.123903610630032 0.0467296327991643
-0.172146141731644 0.122126398941179
-0.219133245219414 0.188254954235122
-0.251772975354749 0.211080360303444
-0.26605693834902 0.182046081425908
-0.266201638773272 0.131382239029855
-0.274492817955649 0.100112483961873
-0.290628043010441 0.0889069402365363
-0.291819229998583 0.0687427923226901
-0.284011248799364 0.0218971754357155
-0.288593541628853 -0.0381105170467228
-0.321879944169122 -0.0796436822306635
-0.372673086295403 -0.0659125469707195
-0.410262171225036 -0.0203509046007098
-0.4151645234937 0.00942488259361272
-0.403879965277257 -0.00621639156552969
-0.405932743038236 -0.0353716130637917
-0.44004529299593 -0.0368273278764275
-0.485730595460718 -0.0239371349032427
-0.514003778787923 -0.0403440410056113
-0.518623241022662 -0.0851467901618139
-0.545736248117976 -0.0894386400175087
-0.55971229430617 -0.0940805298718775
-0.594865944196768 -0.0230554928511269
-0.647911914197702 0.100249222316325
-0.686237415268731 0.194862673721351
-0.692433176282359 0.230220596413882
-0.637471096572212 0.190626830356614
-0.508270481185102 0.0950313376869539
-0.350839745560238 0.00634119357945222
-0.206672327584843 -0.0510286567240756
-0.141261543349505 -0.0320159326452548
-0.0974063888923407 -0.0262825115982724
-0.0696367640450717 -0.032237118812991
-0.0480460967261545 -0.04682254556704
-0.0338666814161555 -0.0616155533358754
-0.0371077380684504 -0.0539191122399362
-0.0418383633964045 -0.0385968714441168
-0.0362596330377468 -0.0267330039778751
-0.0408676056811553 0.00510488045558331
-0.0468529398831806 0.0469762246449665
-0.0321484901640227 0.0769697069597788
-0.00230815630360103 0.104091047464407
0.0605531712212373 0.112548169142928
0.15532322986724 0.0929404690202423
0.239109033159875 0.0533998617826779
0.291671262178306 0.00495062471640696
0.321824294108953 -0.0222365026098137
0.322057035487053 -0.00388143824978532
0.323097670078242 0.01774316534541
0.349595373547911 0.0125435352188177
0.381783483494537 -0.00904725323809798
0.4023594190197 -0.0533832362082409
0.395201152298683 -0.0757460976134689
0.371941818402708 -0.0643971294804909
0.366214827604614 -0.0650626982742348
0.369534009968379 -0.0634217835611411
0.371178109163479 -0.0504666037973342
0.358740040184929 -0.0195110669019206
0.348459423872288 -0.000584269807690824
0.362703222619069 -0.0126853362179844
0.384087244666444 -0.0231268114108603
0.396788473952593 -0.0266459206723598
0.396868033341794 -0.0380685344321753
0.386590301663714 -0.0345539594309539
0.385195108808552 -0.0238187727750281
0.382175550708172 0.00113786274778344
0.378577220972831 0.027050586110081
0.369101815693973 0.0558578717850065
0.351791428906131 0.0858839009820999
0.32835234608098 0.0958732082106074
0.306970657727247 0.0696864384749259
0.294740632304338 0.0242937934590157
0.289329236763395 -0.0261095357728312
0.263703288750348 -0.056571028601828
0.169750240312578 0.00883933739411165
0.0905115490526229 0.0861017084923792
0.0837610150156431 0.113228316701897
0.122876563046237 0.0968698126877976
0.181536885485098 0.0610864671667894
0.253496356566792 0.0180349653609467
0.336861528759715 -0.027224072180242
0.387863248524023 -0.0240798515078146
0.39849686009462 0.0150711194002626
0.393627265282728 0.0334814085800883
0.383079198931227 0.0190053650548721
0.370331421849978 -0.021253398167954
0.356296314728207 -0.0740554815331389
0.321594238673928 -0.0825485828778522
0.264740612741646 -0.0336412887781258
0.228814938353636 0.00773657663375776
0.22283088352367 0.0263385971891681
0.233352709704398 0.0340371565762276
0.233643355480106 0.00461597192570552
0.219945828105602 -0.050811911742322
0.190350921479182 -0.0604688116102909
0.167907326328286 -0.0329050163257024
0.142391614808094 0.0157197524044349
0.119896553073056 0.0666276187484851
0.120148159016762 0.0981202976883371
0.13986383559038 0.0980813564892585
0.161305900735019 0.0641077476039178
0.165970376504496 -0.00275321447885209
0.155472511000338 -0.0467750125580592
0.133622359197228 -0.0344558105074121
0.130092107932614 -0.0159010387507055
0.140676062042441 -0.00928763289846674
0.155673951591747 -0.0110382625834429
0.174905444648655 -0.0264310114503064
0.21210076024163 -0.0510918693519389
0.244963378287798 -0.0519894061223447
0.258398400643943 -0.034133638637888
0.257616893613361 -0.0116402819165908
0.23632282583917 0.0145281646795257
0.199469486435532 0.0207425675944724
0.168991923009626 -0.00409701632178871
0.167771669810841 -0.0474739916709173
0.152905604453123 -0.0449313436904866
0.111778945711512 -0.00881892446683166
0.03973665599409 0.0710997872324132
-0.0270149792285321 0.157356273946622
-0.0736899127639185 0.240597154641148
