0.0698205288872046 -0.00730688627624959
0.132627963521445 -0.0306601791412284
0.184054450408444 -0.048620003082774
0.226371688461456 -0.0645041625598145
0.259412163673468 -0.07577739094584
0.269720138448281 -0.0621611638787238
0.264277264136101 -0.0399243455733619
0.256326618420297 -0.0301016062561965
0.241654849759438 -0.035685365409327
0.216415023541093 -0.0551342601713114
0.181257271472724 -0.0615814492497236
0.153956014361685 -0.0492384359765142
0.143764679093822 -0.0450241597220198
0.136415774963512 -0.0526761473605779
0.120761688168955 -0.0583834988680813
0.0999403312349593 -0.0696186546669014
0.0813611267831405 -0.0850954077756055
0.0691742884979789 -0.0871182564063918
0.067337865587161 -0.0894060893306468
0.0695231473936361 -0.109236594022522
0.0414657209246323 -0.101098116953106
-0.00327073464796597 -0.0709637567793653
-0.0410469921797779 -0.0419268276929333
-0.0617865440772429 -0.0014660403244011
-0.0518437744736322 0.0459155704361217
-0.00993964497113716 0.0749709996595068
0.0503808025063113 0.0620823202415259
0.0721474702349253 0.0569463692838867
-0.0552621802126598 0.205097178698082
-0.245288516336361 0.352516994949006
-0.352056982458425 0.40976271185956
-0.323524459605031 0.386401541749221
-0.228883750967602 0.310871756185418
-0.143782900635829 0.224383458563697
-0.101436495055194 0.153777440481718
-0.0485479227968388 0.0721991050859146
0.00545219240748957 -0.0246969128501313
-0.0314249081729228 0.00541844084679115
-0.106904386462138 0.0988058421321626
-0.150273156891403 0.177329671839648
-0.122181051513306 0.211388493146507
-0.0310127404645169 0.191220864381653
0.0489087015547056 0.148258043626655
0.0751391099044417 0.111745530153677
0.0712271699650955 0.0883275857806156
0.100400074112933 0.0565766589674081
0.164275394410575 0.019219401832898
0.216106252591742 0.000701603150047494
0.236546123908026 -0.00265463781452322
0.241270683735231 -0.0121861588384675
0.228546500771722 -0.0198419926150032
0.19595600991181 -0.0083833783146517
0.149040160036398 0.0314158170157648
0.0985484928652769 0.100292229624136
0.0568965375874231 0.174858777276434
0.0262555367302508 0.229375668890521
0.0135173112766237 0.239960823974026
0.0225549180729224 0.200967820276339
0.0524849832917075 0.129575543526324
0.0861673302245845 0.079803031000777
0.102856334150563 0.0838659376244246
0.0823457439965142 0.152916321931142
0.0347625089038068 0.268655175878837
-0.00524729794838639 0.386129720747708
-0.00248260082361588 0.461157557408964
0.0731406676466527 0.47053484193979
0.254818411507341 0.397633732701923
0.467560735218202 0.29034061246629
0.625063969731796 0.204070072483933
0.706031387485429 0.157191458680617
0.737344415323483 0.135663966310093
0.751451425796796 0.109795510757956
0.766802153590643 0.0762280357824113
0.771428041374221 0.0623064386366738
0.754037987022343 0.0772424039812894
0.730750480425562 0.0916102534140894
0.704207367696524 0.108946851189887
0.68173436775482 0.119928906253231
0.668385824875833 0.117025628079897
0.665571198030579 0.103552762208121
0.66667527612361 0.0929375717796616
0.664713786522317 0.096750963050066
0.660568319056691 0.120157679779411
0.659194056689162 0.150930103949375
0.671826780839643 0.163594851348982
0.694346114767578 0.148248961188234
0.719242893257532 0.114557852192753
0.74113775864364 0.083343207662692
0.75049837989199 0.0823380942657242
0.74980534348074 0.102035358004931
0.746517531947978 0.125282603376008
0.74413227528729 0.136031186135131
0.744852003638761 0.123752929378305
0.747240549683309 0.0988234310809864
0.740754946908024 0.0919055649541185
0.716424439795035 0.126737619049985
0.697186385793676 0.162523859592462
0.677888016955171 0.18489056341838
0.644623653786911 0.187711570143443
0.606000939436744 0.169687339653019
0.588237168241661 0.138435767499763
0.599826209745248 0.0950920536438535
0.626704084859731 0.0585667659187232
0.650188180260914 0.0441689004541451
0.670949631846494 0.0408654053780201
0.69063417431156 0.0354290138827265
0.716558417411283 0.035237730758759
0.729877360777101 0.0537045425883678
0.728135095000159 0.0555405834312328
0.701723730686129 0.0560200196307365
0.650734744236946 0.0944731283090607
0.603656953403235 0.143035452216899
0.58632199906155 0.172221702502958
0.603193403732826 0.17326549991408
0.646731735685739 0.157140968108156
0.716322166028712 0.131770343896402
0.788856251103383 0.107562870864651
0.837387588649115 0.0882459432774015
0.839420787158724 0.0951744615927265
0.798101551012972 0.153877420316229
0.74497597640404 0.236083850599561
0.681768808350099 0.338393400903271
0.587989778925791 0.463207245953884
0.469253999407197 0.57079166028741
0.345195651107903 0.633295716412767
0.255281271158857 0.652390397728771
0.193401034894354 0.634391811722203
0.119694945666352 0.587462701198673
0.0267895308098602 0.539519402258874
-0.0627427235437631 0.509728615558222
-0.146369253224979 0.50283861874779
-0.221074759578182 0.465858939476593
-0.254395139393728 0.313866230802977
-0.257928673131242 0.0661261551555659
-0.29811233076944 -0.121030215685468
-0.466453229052991 -0.054966600140077
-0.581554255210296 0.0382384274527447
-0.589737170078252 0.0618874977711918
-0.518965568413087 0.0346429472392111
-0.419967394213285 -0.0103645108316364
-0.332917474475453 -0.0385544671830806
-0.280852647500597 -0.0467754640354784
-0.243322548435686 -0.0623965467443403
-0.207796854007762 -0.089119310864633
-0.173000426443205 -0.116462236826611
-0.14495754400607 -0.134362930453324
-0.127864767165625 -0.135207401176295
-0.125813737664281 -0.114611122425994
-0.136550401353348 -0.0828012802983445
-0.150884898694913 -0.0572125708539232
-0.165240440872311 -0.0413394422645714
-0.168943044183708 -0.0344572604338351
-0.151371378816609 -0.0428372858354718
-0.120796192903836 -0.0563757669676981
-0.105218468147136 -0.0409112310119503
-0.110981533059079 0.00421743957766109
-0.121688930003825 0.0506522039720959
-0.124487302702041 0.0823521915323311
-0.0795910999596536 0.0707772769295651
0.0304643022083412 0.00502200911010796
0.142125359799971 -0.0383212555249049
0.195539924865115 -0.0109688599533213
0.194617280974158 0.0589254696498943
0.197262076341396 0.0698741153362125
0.206583971684987 0.0143773422058304
0.188291273445852 -0.0127679629744542
0.119412515271144 0.0377069575538618
0.0294909093439071 0.128558313462961
-0.0376146964708598 0.219593622704953
-0.0520011849553533 0.268978790537212
-0.0135725144075652 0.253053390797595
0.0270324435887784 0.198882666006062
0.0552113661693701 0.133495529286074
0.0619769755592475 0.0696141560762667
0.0579908801340511 0.0120430908730287
0.0600211412413528 -0.0220061249754179
0.057485798914472 -0.0379092562220494
0.0396845107127963 -0.0467458642676319
-0.00279126220641381 -0.0308220657079252
-0.0230759031716627 -0.0168098782159736
-0.0104562506927797 -0.0127535224212799
0.0198600318865984 -0.020326829828468
0.0461020508591259 -0.0182269570395908
0.0598287072038855 -0.0014235993687155
0.0809943297830294 0.00108671393867943
0.105923035442884 -0.0124604353385699
0.105358656119772 -0.00927608737355164
0.0683748100108554 0.024087327707801
0.00548011482138945 0.076359198660506
-0.0530295740827765 0.127666245365181
-0.10742178389278 0.183707084298033
-0.174225660624632 0.241468925236331
-0.237501265181489 0.278652936109069
-0.281455747802544 0.289123374586557
-0.310668601742713 0.287736565174785
-0.333286289284518 0.279120903512573
