-0.192075752420283 -0.154867419966284
-0.194653760467088 -0.15209224040621
-0.200571556983128 -0.151845148955717
-0.209418434961374 -0.154470361320332
-0.218997386083973 -0.151103158936998
-0.229976521510655 -0.140936279444204
-0.244147560138918 -0.12582415418579
-0.25915077988155 -0.10799411459691
-0.275237359793313 -0.102020950568209
-0.293380061988054 -0.11125573801258
-0.31106136538579 -0.132390231743468
-0.321334161879979 -0.156972220416791
-0.325195056372647 -0.182529860329995
-0.328080427746543 -0.200458894905911
-0.336659374630657 -0.201276695802796
-0.345662125862124 -0.195417235081803
-0.35047878289693 -0.190696406715222
-0.354169510039846 -0.181760792886071
-0.357466767471943 -0.167146844400149
-0.35734502873401 -0.150486684635456
-0.35146605076133 -0.137456222546266
-0.339851662984446 -0.132250574772347
-0.326698287302534 -0.131625105180391
-0.314989450746477 -0.131085863208621
-0.30382082993034 -0.131252192435588
-0.291382967221192 -0.131738426663023
-0.276393570784508 -0.132717080650309
-0.261965521327736 -0.133387539669396
-0.241187135983971 -0.138861949975145
-0.217971219296312 -0.145940643179483
-0.201936845453816 -0.147887166961743
-0.190660196561182 -0.146431742005739
-0.17516053541063 -0.147382011048438
-0.156106381522291 -0.15242620217118
-0.138094051267947 -0.153607439173252
-0.128395356014674 -0.142977281311569
-0.127831523464003 -0.127801258279654
-0.138156426202538 -0.110308109302322
-0.152787486660282 -0.094740068162834
-0.165293055010818 -0.0868702077438986
-0.167454711897158 -0.088081803701494
-0.14904968506205 -0.0987202418686169
-0.117788758583728 -0.116219405244588
-0.101505709348582 -0.129622823965348
-0.0907819160749721 -0.142159262746727
-0.0725799320725827 -0.158154233780921
-0.0537472663570991 -0.171932187692526
-0.0498692660498521 -0.173600901759256
-0.0486655217930534 -0.173469176798052
-0.0520986053929665 -0.166474104468299
-0.0596557245339014 -0.15388483569634
-0.071471366096886 -0.134101080233549
-0.0898377647613288 -0.103795621201543
-0.114230747315585 -0.0627079950359506
-0.12699925686964 -0.0340063027559131
-0.122226534886265 -0.0237421272712254
-0.113044815675967 -0.0324150723450561
-0.105489794660749 -0.0666642191750434
-0.109484294704305 -0.112283622180781
-0.121601551973404 -0.137497527021847
-0.134806081965609 -0.139307759302789
-0.137194818742935 -0.142944880563998
-0.139941032543092 -0.132447466370665
-0.145498332788051 -0.121335420878509
-0.162633893473304 -0.130139793367996
-0.183335953928369 -0.134174514981181
-0.189950230168954 -0.13230546311051
-0.196349564435439 -0.135594885018199
-0.212906518875104 -0.133377184779572
-0.224841160849901 -0.125155705230398
-0.225025354514969 -0.120457196960985
-0.21741900306371 -0.115487905999787
-0.215296458850054 -0.098659431951058
-0.235769095208138 -0.0525054635176442
-0.269613379533455 0.00848018931987472
-0.30035861606213 0.0595638244145536
-0.320682758118342 0.0705461109675032
-0.331067268993323 0.0587394566513904
-0.3278473668884 0.0380022107553181
-0.323819468706349 0.0188613960555981
-0.322903729910116 0.00572554528769807
-0.333207171250304 0.0214103239055245
-0.359175213055641 0.0476717209265458
-0.392283981550376 0.0484906528581823
-0.420031823784427 0.0202079205533039
-0.426650778313318 -0.0317408016718229
-0.414177408500719 -0.109241537883424
-0.400212733174025 -0.179510368297074
-0.405790754563026 -0.185653261477232
-0.40705902468841 -0.179015629693041
-0.403840746414436 -0.175067065640452
-0.397179380196559 -0.181822773852214
-0.39014669926104 -0.200914557975295
-0.392352063037217 -0.214229676790993
-0.397508731913931 -0.217255399881176
-0.400978550218406 -0.214725467936144
-0.407079995650899 -0.20358218738149
-0.406289229826455 -0.202205488873151
-0.401246038142722 -0.207585402154756
-0.398619995011267 -0.208574938972361
-0.399387496608509 -0.206411861511886
-0.39868625105036 -0.203365924817213
-0.385546833152865 -0.20770913213763
-0.370048795414611 -0.210581333365167
-0.374770559710537 -0.191180874032229
-0.389820596470306 -0.164886539175981
-0.402196422616192 -0.139529154421355
-0.398850568995928 -0.123189629935334
-0.387646240762001 -0.106948783833397
-0.370512335403904 -0.0884775147032124
-0.351606673015246 -0.0753922221710077
-0.326269722648509 -0.0756008193877868
-0.294040224355734 -0.0947268483563923
-0.263030730995684 -0.10842728194597
-0.234531001273505 -0.112615443801635
-0.209905654281702 -0.106804819137193
-0.19309609284455 -0.0921631803550949
-0.172708529873896 -0.0878531126127047
-0.153023813132784 -0.0865673870096208
-0.139784591974236 -0.0794158446719188
-0.130592433392275 -0.0703877633660507
-0.122818134921003 -0.0622156852594457
-0.108904032418416 -0.0577890935512278
-0.0896037177966319 -0.0516247722779821
-0.0802902156615694 -0.0280412758130411
-0.0745314402232598 -0.00242755597343897
-0.0585642240876836 0.0134184961685448
-0.0310084951539124 0.0129410387920551
0.00634101973700333 -0.00916150440374258
0.0521867285104031 -0.0352604539109437
0.0957232838392259 -0.053121753711734
0.125539360839117 -0.0579438149367955
0.127112410078438 -0.0456444160706278
0.113660692433239 -0.0240527967612984
0.101370184421812 -0.00326020532505117
0.0884326124339155 0.0203803084028088
0.0800291655895332 0.041945740416413
0.077714703658945 0.0527743578252536
0.0738279397647198 0.0553052890933678
0.0698275310603587 0.0457191947671882
0.0637313058309453 0.0197472839883475
0.0440117936423729 -0.0127601093217605
0.00632818273202753 -0.0165812175282997
-0.0427023852163835 0.0153730821951178
-0.0740048039698563 0.042578283220033
-0.0711208700925345 0.0434891756503234
-0.0283275316541151 0.0194043776017081
0.0074725977565374 0.0345988664171984
0.0371964989893294 0.0588222616540435
0.0616531995934642 0.0679145257103204
0.0905282465689325 0.056891660151957
0.14167059588566 0.0190382499433357
0.19532514257278 -0.0263979433409396
0.22492612404194 -0.0532176311595623
0.228230943305444 -0.0528436773287013
0.232622497867505 -0.0548732765420197
0.234285083353391 -0.0492437949071277
0.238101349989887 -0.0411441533031086
0.25058719659723 -0.0426436322276684
0.273064757740366 -0.0563325541180981
0.303511330673505 -0.0742503515992497
0.322858587214063 -0.0708589258519028
0.327219907624262 -0.0527235250972278
0.33266313982865 -0.0494187250925025
0.339220776130256 -0.0621680838847113
0.334215800192105 -0.0623911699273384
0.323163068328838 -0.0468575847113308
0.324517320670223 -0.0371055853841641
0.333746165666412 -0.0284403343181478
0.346694711177328 -0.022050314739043
0.361679869296861 -0.0237051098912117
0.381556733862164 -0.0377780378824549
0.40750307783251 -0.0557439746604719
0.422870392049288 -0.0510200413813257
0.427933979273873 -0.0288901982297831
0.434811103386381 -0.0189922289033093
0.438958052380521 -0.0171511060006645
0.432775159522026 -0.0127957696047106
0.429036119509997 -0.00454670809533709
0.437793997609648 -0.00507069278890677
0.452033043899505 -0.00959605522017817
0.460798678397907 0.000495544931742556
0.474258407922974 0.0133188936153392
0.473507536139799 0.038313459954703
0.459797567926554 0.0569656829724249
0.455321317144373 0.045362101083451
0.47163807247368 -0.00190211990022319
0.449818516056495 0.0156872881413627
0.398050880537118 0.0810292675522636
0.370655125429968 0.122356619021267
0.3825829430508 0.130825898031316
0.429557560443294 0.10136554495954
0.49847658302369 0.0547157013695751
0.564389561281752 0.037478786463337
0.588148372707974 0.0699187842301593
0.568228885150896 0.114918639638941
