-0.251375321454151 -0.112151307962349
-0.283389135992703 -0.0726999846359206
-0.337844856967865 0.00153493346670278
-0.408806739647352 0.0982383816806486
-0.479821528300195 0.195557912760082
-0.559125931860311 0.316243420779224
-0.662112877933729 0.450228924366932
-0.776706974506095 0.553204210125117
-0.869069816879723 0.607334718816016
-0.891200027639344 0.57456107229163
-0.832953078316855 0.449057650047834
-0.723984704469449 0.260246346662446
-0.579134184252238 0.072530382257772
-0.475186149905524 -0.0421930143239573
-0.454090225596374 -0.0850370916625794
-0.477073805333506 -0.0779290387160989
-0.517096767611803 -0.022361992345968
-0.542376943520112 0.0235416005866622
-0.55812547854338 0.0342388992257359
-0.571061262965185 0.0125099427643164
-0.581617932942322 -0.0308086817342461
-0.591310901028996 -0.0632063343724484
-0.618583819060283 -0.0551682839738552
-0.651948616932085 -0.0317782890973926
-0.696845845777763 -0.0056078727947864
-0.719561110696925 0.0107237316368381
-0.664024760397442 -3.2887645701536e-05
-0.574050334240295 -0.0119852331293836
-0.50760836725458 -0.00793992795152455
-0.457195269845975 -0.00553215203293668
-0.414594765607774 -0.00763382594856537
-0.367895963168978 -0.0135261122640526
-0.28969770738988 -0.0343291373423677
-0.194717280139349 -0.0662740122898892
-0.122163050418742 -0.0898066441912613
-0.0745057095714635 -0.0993612709169725
-0.0373423232537367 -0.103339416782164
-0.00686027727590668 -0.111094747513136
0.00979877970369712 -0.121313349325243
0.0139863118099303 -0.124854806047577
0.0155180134366309 -0.124734014822188
0.0136837885732294 -0.112194444003761
-0.00965021721063962 -0.0644582980441263
-0.036089198891282 -0.0194730820103431
-0.0515317085148166 -0.000568574009906809
-0.0636596034170332 0.0109590608891742
-0.0891965628092043 0.0241023614303893
-0.121131429299706 0.027322147278482
-0.135130155953128 0.00822510029404066
-0.127629698775699 -0.0130282636423742
-0.115861844710431 -0.0306786285425869
-0.114203631382098 -0.059054470752475
-0.12691481407894 -0.105013342703514
-0.158737332426549 -0.123933163358699
-0.19271227297718 -0.109185841288011
-0.210781541933567 -0.0917375413028775
-0.2091830296126 -0.0802629228280584
-0.184425468549317 -0.0809472425326016
-0.145464773117045 -0.0905335588973077
-0.105458415919974 -0.103314203489581
-0.0678519522096932 -0.117140848506164
-0.0328354903360443 -0.137769377626167
-0.0199614876204237 -0.142060074750315
-0.0278242244733148 -0.115805709785597
-0.0293424799892599 -0.09378430338948
-0.0148511323897996 -0.0926299525815764
-0.00691437900281733 -0.0974827629356314
-0.0212509881177472 -0.0865012884723602
-0.0382907863569786 -0.0808793676074757
-0.0321777437142689 -0.0941646019523654
-0.00421404859384594 -0.107488809597477
0.0184440893796234 -0.0961204443226393
0.0352463960400068 -0.0851541370077942
0.0390614071149908 -0.0850183570166106
0.0266497085758071 -0.0871668334481653
0.00175459247450574 -0.0952845352641553
-0.014435224157858 -0.10262433331844
-0.00993110753228381 -0.103587078696716
-0.00235221966575314 -0.118199146170286
-0.0321152100132853 -0.10759648280941
-0.0698288458792252 -0.0963853518102627
-0.0902812397159893 -0.0923729232036956
-0.0974666286433424 -0.0846693402200814
-0.086963508727981 -0.0836893021081773
-0.0692182875457436 -0.0896902308226188
-0.065302872338318 -0.0923449323358059
-0.0712397238316121 -0.094898187076513
-0.0757007131429855 -0.107055684792091
-0.0948874354926362 -0.0771675261316367
-0.151579765899742 0.0381499184320196
-0.230873636611595 0.192196108875584
-0.331795034622978 0.355608788987436
-0.46105318817206 0.518735015866776
-0.59108960839775 0.629933427577608
-0.708460672643991 0.659028105097887
-0.80346677150116 0.59428579374169
-0.840260135462493 0.452446902251455
-0.802248252186049 0.255304571808253
-0.718404404341797 0.0439974182986555
-0.642828255506392 -0.117360653943674
-0.719078896459311 -0.0286929307262853
-0.808520239079973 0.0994558338741205
-0.837078837933737 0.172336691626813
-0.789266562036509 0.173232769795054
-0.678170545955884 0.124639317372203
-0.555110904203525 0.0525412825954013
-0.455883446219149 -0.0194428862877441
-0.377874977837599 -0.0787498006125816
-0.324833631874722 -0.11962667038214
-0.274693079671368 -0.143033280435909
-0.249691075772639 -0.137674723212964
-0.239967651107745 -0.128312071538642
-0.22630708990663 -0.127654791989714
-0.20689177658039 -0.138255290251471
-0.186479760680472 -0.149322293430703
-0.169389965985117 -0.151996466916719
-0.158490673696166 -0.150627555606873
-0.148858766070201 -0.153019842239208
-0.143991971797526 -0.149274658809107
-0.14034236940004 -0.148587577826915
-0.136499655188356 -0.150753050645376
-0.129738689289393 -0.151720057505504
-0.118816432475049 -0.155606055440905
-0.116385942014504 -0.16088561538789
-0.126140573320151 -0.161496357546809
-0.140657895625217 -0.157862251565162
-0.147227730870828 -0.156708180592975
-0.145108266333893 -0.156320169967416
-0.1409956527955 -0.143726151400435
-0.136326538862 -0.126906925784892
-0.128777843211361 -0.118657718428203
-0.125354001406067 -0.113779572209754
-0.138326390620624 -0.112654209687852
-0.163079401210291 -0.123404251376547
-0.181880215035362 -0.136935576209489
-0.191687225224399 -0.139758574001033
-0.199983631464048 -0.149869069187904
-0.220448928664374 -0.145930367925955
-0.234872116001386 -0.125688546667038
-0.239977183174809 -0.108733393667137
-0.244371849634161 -0.0987069591062388
-0.248166408070832 -0.0950955865473634
-0.251193737008158 -0.0963239074386055
-0.253503294645118 -0.0991285147040818
-0.251382736869657 -0.106355881078726
-0.240344064858588 -0.123701250189949
-0.225701325752836 -0.143092424224614
-0.213293400158311 -0.15420511594137
-0.223117778985262 -0.132021950677513
-0.24382514335822 -0.101348301532285
-0.263912254536041 -0.0821766853193126
-0.285396727477997 -0.0650173610970661
-0.310953006639208 -0.0481965144057817
-0.312104937301075 -0.064968735724689
-0.299336549654089 -0.0995684935756389
-0.304378436809965 -0.118133689862906
-0.328627864421663 -0.116080251711795
-0.356419388495192 -0.0977896545907775
-0.377580195015025 -0.0666818920696914
-0.393275130475745 -0.0400087114128556
-0.402660174903372 -0.0458578752442467
-0.396756653677178 -0.091331496885245
-0.37702357664057 -0.136376866370788
-0.3561866100749 -0.160437551145859
-0.371496119464596 -0.133989622202111
-0.395671449689231 -0.103860680227447
-0.402268045383706 -0.104501605980034
-0.409271400000321 -0.110519283136
-0.417787165563958 -0.11544928167765
-0.421521554932756 -0.126406546882693
-0.425314393725885 -0.134431822350757
-0.424284886797366 -0.142954326908354
-0.423219247067802 -0.14097994653164
-0.439355615283845 -0.104253918659733
-0.471034624245041 -0.0390864197594259
-0.504696952394797 0.0250897901644307
-0.524084111804542 0.070633251783712
-0.516460051221634 0.0975487115585559
-0.465416776135224 0.103755813914928
-0.38685728599573 0.0907969502245023
-0.308008733660256 0.0639398223412509
-0.233392002868276 0.0193506962085023
-0.166808478194818 -0.0510556595178881
-0.117971003078677 -0.134061076719426
-0.13933786053606 -0.123687617749067
-0.169655944417248 -0.0812521886729985
-0.169589588797489 -0.06614060372111
-0.152973188274066 -0.0738228550735039
-0.139736742032653 -0.0847150658817083
-0.148338182086511 -0.0689682103243242
-0.174161157639152 -0.0270878223133671
-0.185753879776913 0.00430068553009953
-0.162788298006801 0.00298752631084039
-0.114257630104335 -0.026893422386581
-0.0507162336044812 -0.0794758161402141
-0.01920868526846 -0.0830162288011884
