0.734032124741493 0.0406248664771007
0.725074953000051 0.041881512491432
0.719147660669824 0.0477817298069839
0.720433826965929 0.0527257379898114
0.727234510422858 0.053340459241323
0.733964987845609 0.0534410542097842
0.741115630380952 0.058313630831519
0.741568734525722 0.071723857181655
0.732312747365981 0.0941365710066496
0.712162322379845 0.123441385248512
0.691709997169522 0.152565586584101
0.673096021688416 0.176026108001151
0.660601727919177 0.186518962989314
0.649502285491456 0.181509179120162
0.642367430362383 0.158478189154663
0.642469149570954 0.132804471465692
0.643644618816021 0.120792573406966
0.62271602630935 0.135026777484153
0.582582618919954 0.170716338968165
0.545944490255151 0.216080534672931
0.525835820999033 0.255928323743553
0.527860370976467 0.279901995941116
0.54718976663401 0.282044570953825
0.581805405919964 0.267755047000308
0.619280077079369 0.254086249855896
0.649670685027199 0.23398013250357
0.663292615059807 0.205271903360946
0.665192713921184 0.159579130799826
0.667786124050412 0.0938914047497062
0.632177862193917 0.0770332474295647
0.587269161643006 0.0845188991913094
0.552668289648842 0.102766926212881
0.547193687188352 0.10230169373508
0.557421345564736 0.0769252248458231
0.583576366417324 0.0382023968581854
0.585676985284848 0.0478492237077002
0.58376320236206 0.0653419241192429
0.584409433634462 0.0620532163914382
0.585026258722776 0.0595432209215111
0.582757506879734 0.0685448817208784
0.595079527181159 0.0792350970189816
0.615435532848587 0.0868892327634614
0.634659737214151 0.0874097053929571
0.646052347185426 0.0876653262186406
0.617913572998146 0.143001990182344
0.561358092767894 0.218646047980347
0.487120421756449 0.29105596074163
0.403618016213145 0.351919347345748
0.260906274596526 0.472744460617506
0.122009557766006 0.5423733479083
-0.00336428047822519 0.520471373655644
-0.0606007038738629 0.413878544601547
-0.0111804675798048 0.257847940110056
0.0868132595701873 0.15485904258196
0.145197104503582 0.215389902740295
0.127911724902952 0.390601820810443
0.076200092783072 0.525973665448487
-0.00552108480920508 0.589525340469592
-0.142857340070998 0.600759066962648
-0.30532782624625 0.567482098724071
-0.419541756885116 0.476057258003296
-0.445437719172769 0.34879294595072
-0.405968311491696 0.230290097007674
-0.346776335277235 0.134530198575072
-0.300055751854764 0.072588116783788
-0.269640813342616 0.0489538411323144
-0.247639620624177 0.0348709980954781
-0.233407800842984 0.0184006721884828
-0.227402309177615 0.00525755044150885
-0.228358671689599 -0.00600265170627859
-0.239745031319936 -0.0263195207147466
-0.262180321554798 -0.0360402453812237
-0.324603781309073 0.0176030786686962
-0.389424197134203 0.100510231309447
-0.410016963030165 0.154925839144677
-0.391426618731344 0.181911574374798
-0.356113478587178 0.194883907302877
-0.321892692406372 0.20872150395698
-0.303997281126927 0.24278432829259
-0.293585587517903 0.292200301741144
-0.264902114829327 0.336955028631022
-0.180315262219174 0.353147056723416
-0.029221667954238 0.324950206414404
0.171765066410016 0.252551248107629
0.365829925680177 0.165380596039352
0.506366961600557 0.104263284981919
0.569439947318662 0.0964652664922227
0.594021293052776 0.0928092228020689
0.587076806333434 0.099699492871024
0.565634335032992 0.108525625259171
0.554174830954135 0.0987621694338299
0.573321706513749 0.0671176612757903
0.612862454786822 0.0310095753865201
0.627889257919626 0.036781558067746
0.603552400867019 0.0920009933646631
0.575030531147665 0.1467926445769
0.551843025025101 0.17493863692527
0.534752072220383 0.16407735387445
0.530018116561736 0.117484841881148
0.538275501440637 0.0550863774624604
0.550527493229454 0.00185143921286278
0.539205701882016 0.0131394282002452
0.527144243475801 0.044653536944932
0.52682637100373 0.0659049485491034
0.535220811839824 0.0746916879594143
0.545874014750943 0.0825810023452582
0.568655494462325 0.089498982384999
0.598474195067101 0.0903783194374529
0.620190291379997 0.0830327254032163
0.641381418517438 0.0629645547103056
0.660181478440692 0.0430411179860528
0.670194350804198 0.0366878036326254
0.679599483656244 0.041502134114754
0.694528209866046 0.0368390624469174
0.714386558992659 0.0223116276814116
0.734378195975563 0.00565543930802495
0.735279657446529 0.011548098719184
0.723624906065893 0.0353096924114198
0.70657357262938 0.065257694384655
0.691341643588462 0.0914667105450251
0.680324428300439 0.113206394928724
0.678918438149417 0.120278972889658
0.686225243390462 0.111158603506762
0.697508818415054 0.101249430208526
0.706877389398603 0.0875225113158582
0.699695522544038 0.0928012514183373
0.689835282540942 0.117737923910896
0.695136233395159 0.129481121017669
0.699556621012967 0.13328100186024
0.710107633484048 0.120671669421667
0.72191302184943 0.0944814232765388
0.732464139334369 0.0711953019276726
0.755751612437971 0.0505721509348521
0.783596820370435 0.0351089623996975
0.796388643531466 0.03278621660399
0.803443390493155 0.0280224309511368
0.807618600170673 0.0323263836006029
0.805395373852243 0.0446051025311737
0.793944043340343 0.051687803693918
0.77720314585281 0.049991694528043
0.768204012756848 0.0414454850738011
0.737709656065934 0.0741537961415076
0.712429746937195 0.0968201613540524
0.697754651543327 0.101529259512805
0.694719861443178 0.0988485092727899
0.737948081456375 0.07207351896104
0.796237182363158 0.0396081243536089
0.827169691582179 0.0224167913821856
0.835703163798426 0.0121949622007938
0.845508914563588 0.00619248717433273
0.847065053002937 0.00400304454381242
0.846364578683611 0.00211264107151128
0.848406914607157 0.000747685831131081
0.849917834648171 0.00272830821801653
0.843784073700338 0.0153360635559298
0.834016313926248 0.0309273186013328
0.826285497351273 0.0458604137083173
0.821765788054202 0.0571915540239674
0.8297861560621 0.0518224671063464
0.847945864357673 0.0368193957601872
0.868232716877789 0.024245703447541
0.883880633036838 0.0187963789543391
0.886407098942172 0.0255362564690343
0.875874726034467 0.0358263398855711
0.869838109642206 0.0383743594156605
0.881724061527639 0.0309573114542656
0.899274548113178 0.022083494845416
0.905229843283049 0.0202381614473717
0.902179854494193 0.0234318452600389
0.891225046721871 0.0361697718859234
0.877140620922797 0.0533333370165698
0.866883148206296 0.0631493976509198
0.865313614310899 0.0615482770501458
0.867455051196186 0.0596330168291645
0.855432585211557 0.0770034625781604
0.823856022444338 0.113132641313206
0.796463829075654 0.141881126512215
0.782939996956264 0.155017721048377
0.781224719105967 0.145830283890158
0.784583872963529 0.126134968455813
0.768741764539531 0.0995389082704897
0.746766301201095 0.076918757611562
0.729421919485815 0.0621802211290321
