-0.268366346550106 0.029248678098384
-0.17721836699485 -0.0114677530359725
-0.0748350818247573 -0.0552223835203902
-0.00572104356471541 -0.0763713749954062
0.0339868621547129 -0.0771505799419784
0.0618441982448949 -0.0732303563153554
0.0778410301108014 -0.075503528254828
0.0795158114454693 -0.0749746185198284
0.0742527658685933 -0.0682020774039904
0.0710549302844686 -0.0713751870430875
0.0729694073509843 -0.0861199202074646
0.0866572581769481 -0.108254713486363
0.0967081874685057 -0.124993546350455
0.102796872021008 -0.135114478500429
0.102242038858884 -0.131190908206832
0.099328950776673 -0.121575088500352
0.099582366490045 -0.111564260028345
0.101257602685633 -0.108430102844894
0.103270311288113 -0.120519066270894
0.0915406324845466 -0.119347528109234
0.0698123238840765 -0.103916049118376
0.0409581897152043 -0.0878079500904337
0.0282061455389302 -0.0828429464891754
0.0477175296545712 -0.0856931131104475
0.0777504643476969 -0.0884579363796681
0.106164818467716 -0.0897428711039628
0.127057702713333 -0.0931298060578307
0.134146024377261 -0.0903257110161475
0.139887714232042 -0.0853933094179005
0.146201236300294 -0.0799365630114451
0.151257412936946 -0.0632092741781903
0.155227910364677 -0.043437044654042
0.165440123157809 -0.0436109793185405
0.172849245236248 -0.047008361152565
0.173828880175902 -0.0462552895100614
0.176103733707811 -0.0600431534255126
0.177845677049956 -0.0841086041114952
0.176209553651905 -0.0907677264079529
0.169597336729151 -0.0781641090527046
0.158618344409392 -0.0613412963789779
0.140550883246841 -0.0389984797173991
0.115377700535604 -0.0163989275956211
0.0878918904214641 -0.0143783517590316
0.0686272786898687 -0.0301276717633737
0.0535640767810256 -0.0566382624235049
0.0303304533323976 -0.0674132798326822
0.0092714897850043 -0.0601380256523762
-0.00516208853889667 -0.0697966902664765
-0.0190485347399155 -0.0991227700816196
-0.0315149707338796 -0.112111035650815
-0.0365025785383754 -0.108450585580759
-0.0299471940548128 -0.10551534615708
-0.0166559230940366 -0.114274670942987
-0.00820906511547368 -0.123231501308382
-0.00883486423581237 -0.124264888909791
-0.015180663516663 -0.106006238015022
-0.0422346576288343 -0.0539181670446306
-0.0877957296408465 0.0222094319934144
-0.139940154825917 0.100977913537487
-0.191442960988101 0.165077642674874
-0.257471820441455 0.227968143886327
-0.345575168513842 0.303407200216574
-0.449557596118234 0.379113546980318
-0.54615867506876 0.447416454496655
-0.605984770571311 0.50819147260894
-0.646890141210234 0.530362712145811
-0.688099271658125 0.491690798606451
-0.721358053939475 0.420353106634073
-0.756405382640879 0.327929203552221
-0.794197188627126 0.227479289838153
-0.793540886041594 0.138587175585603
-0.754766792456414 0.0551377321717024
-0.701862935650651 -0.0319578056215469
-0.650306207758417 -0.122402779211332
-0.609848414360764 -0.205788632248394
-0.613391927461191 -0.223947197452308
-0.671276712805085 -0.152641258373385
-0.716283697066009 -0.0934857550510515
-0.731781983267273 -0.0642935192363704
-0.7182658956156 -0.0593928797642702
-0.684452071974194 -0.0644418651815417
-0.630833745348088 -0.0778135947840937
-0.578725089523956 -0.0903719570296313
-0.528650235719693 -0.103874579487709
-0.477803528082416 -0.120500193248577
-0.426256328933264 -0.139550166043724
-0.38021740836123 -0.158112509297519
-0.346003755352326 -0.174874894000353
-0.327268286853943 -0.17944516540704
-0.312823466323876 -0.170016960679687
-0.297977101043559 -0.159926148576252
-0.29246448731524 -0.149044503277733
-0.29861368657488 -0.131884596412327
-0.307278628277912 -0.109592245405377
-0.305499604795284 -0.0914677615979177
-0.290748632661189 -0.0724982124324118
-0.271983678198776 -0.0502860156938082
-0.244714426276513 -0.0392066358803575
-0.198800919932326 -0.0454098686247413
-0.146232894656629 -0.062597214729401
-0.0929873138573239 -0.0908979902810018
-0.0435928403196472 -0.123773346540596
-0.0277461138620472 -0.126837516188022
-0.0265002196619064 -0.122737899318259
-0.0302236349522002 -0.114578644008869
-0.0333216558126382 -0.109163427415417
-0.031767511777554 -0.109715044607911
-0.0249711405506476 -0.11334744379033
-0.0224893823018163 -0.113894705557308
-0.0279172845209959 -0.11295174499836
-0.0294051919059019 -0.117190610372982
-0.0136386039189052 -0.123465510739286
0.00567412122362573 -0.121397433741705
0.011893379068567 -0.122021389798103
0.00736460740411972 -0.130933702917903
0.00704157703438205 -0.143367994140795
0.00600007770245981 -0.146746175465657
-0.00408639193137643 -0.138854053573702
-0.0158165338200642 -0.132783721614016
-0.0244118947597331 -0.130796976334538
-0.0175360851450929 -0.133303604938406
-0.00140478307847328 -0.131671516820077
0.00486706915233789 -0.12391446844818
0.00227586725989659 -0.123160896943055
-0.0105469866639417 -0.11641165729191
-0.0257692173246875 -0.112157301555323
-0.0380176382214069 -0.113362635305513
-0.0243938829989625 -0.131565099045859
-0.0138464903902628 -0.132011966809703
-0.0316362934174707 -0.090749504446777
-0.0539791028813573 -0.0557122602886202
-0.0761956357204227 -0.0306979152968653
-0.0910122137502524 -0.0263188255286987
-0.0941106742438769 -0.0566277654972483
-0.10130685030181 -0.105427895095179
-0.135528124576442 -0.0941249178693768
-0.193200886403304 -0.0272398393719145
-0.231062737880161 0.0128215149628341
-0.227398331877683 0.0192159548195879
-0.209160513768489 0.0267630944853744
-0.179338783407912 0.00827468014234869
-0.156054626884924 -0.0144710588228189
-0.188244933631575 0.0417694226881165
-0.268493237800921 0.155501268782789
-0.364534263152235 0.28219212130576
-0.457046115937542 0.387633022199755
-0.5285149800412 0.420661729042022
-0.57348201015437 0.362307585521478
-0.588008429982702 0.236837725821718
-0.579811533429914 0.0895841951379915
-0.567262945475578 -0.0317076967215306
-0.553625437009998 -0.0864088847550557
-0.541188690448322 -0.0984334455378733
-0.55010926153364 -0.0861162318307588
-0.574933708807457 -0.0699668731566584
-0.598016839978489 -0.0609007958882396
-0.602630624789947 -0.0732370962385969
-0.597146242183874 -0.107732159395797
-0.579640390876887 -0.155901967252823
-0.554374893217084 -0.198673548719114
-0.537492416612251 -0.225465759057171
-0.528086720966184 -0.227109246090509
-0.526912384420836 -0.217981829363124
-0.520573750324886 -0.227508029250546
-0.516921445607082 -0.228349794392779
-0.518306434127887 -0.201998949926305
-0.514712809453519 -0.181227406132333
-0.510975367639455 -0.18145741684822
-0.508002894640705 -0.205409625871015
-0.543816858439672 -0.198469689837909
-0.611297927168707 -0.146275073417889
