-0.24200424221969 0.250308436625041
-0.288815463299431 0.237509989494535
-0.329415898795416 0.241763448857477
-0.368093729327481 0.252961242014762
-0.424989046472288 0.275595300871775
-0.499228332754489 0.299828364632293
-0.565226828450183 0.304852885356415
-0.62150260714868 0.30735942549056
-0.668616601894177 0.30182741429545
-0.70927876808334 0.246328631796379
-0.760032411070597 0.158923017450122
-0.75755486790541 0.0285474630178197
-0.730756108507842 -0.0289538805820502
-0.713003171418343 0.0134865846827303
-0.706572435175855 0.0741569214603396
-0.712324576130127 0.114295027548421
-0.702825610005285 0.100269330811232
-0.635320194342657 0.0657688935880937
-0.543477099197464 0.0502976365763257
-0.504074782049051 0.0781612261059841
-0.490828572376609 0.133023999870045
-0.487785702856945 0.169158827739913
-0.492689469877431 0.190457031624371
-0.483166058311931 0.202839515945209
-0.425319681446433 0.145154375775847
-0.421421327621634 0.0712798039452179
-0.493154328923209 0.0597314146406947
-0.516905171778535 0.051381193791287
-0.423025299993397 -0.0289388477822829
-0.326388105735585 -0.0850578516745104
-0.293800113109948 -0.10714743646486
-0.279545968055262 -0.111262828485475
-0.277080598456876 -0.101323309396687
-0.273572180447246 -0.103191451943816
-0.291884732119703 -0.104562392448819
-0.317543788824051 -0.110702748697897
-0.303272125240038 -0.12696925401098
-0.250752175335285 -0.12075550575
-0.221306076343921 -0.0980407123676754
-0.246233265821516 -0.0788411642912942
-0.288612858300075 -0.0403863635817753
-0.252579583696972 -0.0440950480591891
-0.198998730390759 -0.0561425362747006
-0.156647768634898 -0.0675465271691657
-0.0742906531891058 -0.111860680972753
-0.00866154509863439 -0.142261358036891
0.00359016673184162 -0.133276293456019
-8.89548834812278e-05 -0.117682211450897
-0.011161753862801 -0.108636495387317
-0.0155524113012169 -0.101691184573178
-0.00387054438259489 -0.104640501498183
0.0343378316987817 -0.123612259698371
0.0837014640000308 -0.151776326488643
0.0695763034484029 -0.124014338832933
0.0426381551775069 -0.118533797701375
0.0348176236412294 -0.118628624196107
0.046556919706991 -0.114208594989602
0.0659847823715779 -0.105904152817782
0.0374368152662949 -0.0497101451280826
0.0236155701380818 -0.0334949014095211
0.0431817920339425 -0.0357774919026675
0.0650626347782734 -0.0569550522217859
0.0731874610572679 -0.0919827008930613
0.0976471079679548 -0.118471033118957
0.127576003517082 -0.123543636150611
0.125025085429019 -0.111124980115475
0.0974787353903058 -0.101701267244549
0.0699289393461137 -0.0506192971138555
0.0643898313220439 -0.0128148002871015
0.0604849929929865 0.00375460526018759
0.0717677524630932 5.54497483586412e-05
0.143458568912529 -0.05187703033696
0.204496037553758 -0.117325889496589
0.169848092572429 -0.0618361831167175
0.122385174644905 -0.00103090770646807
0.102359927698716 0.0257614334766933
0.107643047475169 0.0220209461677239
0.1264872031354 0.038349560217018
0.120708805020056 0.0400432853435295
0.126313234175204 0.00203086619260186
0.132424928495702 -0.0346801413862965
0.137475290606572 -0.0655926351977592
0.116273514780623 -0.0449738290711109
0.0868219827727899 -0.00538346035611449
0.0932375330220805 -0.0111485799864631
0.122821218359348 -0.0575013110267365
0.130827614002467 -0.0682637065832468
0.128657285508633 -0.068670440223517
0.103889756731288 -0.035621190800064
0.118364490840398 -0.0262356674596263
0.189385221964457 -0.0675996082567142
0.221283362356468 -0.0924674467171394
0.218283316569179 -0.10205303435097
0.210243034991014 -0.113447493704264
0.206626300864724 -0.101119289142004
0.196023648520198 -0.0621817354786372
0.172707979004873 -0.0356740766658107
0.135209251857584 0.00395985750288837
0.107320465421901 0.0412987020540571
0.106342805158411 0.0528565664502251
0.0890737140276936 0.020939128078763
0.0655784255804204 -0.0425617533535773
0.0960145149416855 -0.112965498155469
0.0715779799868527 -0.0513429440676026
0.0652469748457792 0.00629875377542911
0.0736871868401388 0.0186148598113008
0.0600388685856363 0.000690250614613444
0.039997980334648 -0.0469383626169974
0.0292864581227409 -0.100583551519185
0.0267630378727091 -0.12304197849329
0.0163900949013141 -0.103023403058711
