-0.511780664765424 -0.114330578536013
-0.500900921260357 -0.119506214430778
-0.482938143486058 -0.138714147215579
-0.463415602732409 -0.162237963629018
-0.456893942890189 -0.168420448528027
-0.45705407503461 -0.171878174443939
-0.461739153349917 -0.179373627320139
-0.4987366068988 -0.147375235076459
-0.580725848055316 -0.0432728141418209
-0.635722234479885 0.0294962747162471
-0.645222859918047 0.0614395543395209
-0.605368675607012 0.0588445243925289
-0.500927903529293 0.016193485700917
-0.374489757321385 -0.0305922063020525
-0.290427714836313 -0.0460124702698052
-0.227173467409051 -0.0616047531757238
-0.177340014706297 -0.0855136895104995
-0.167804086687155 -0.0961571476597299
-0.179959897497841 -0.0805128938045526
-0.208946874347428 -0.0394349818393738
-0.252837853490697 0.018355779956263
-0.287453171231169 0.0723424449545021
-0.293421331904277 0.0920635767090737
-0.277996859504652 0.0831454534645018
-0.24579159072816 0.0668575301121036
-0.216224674334462 0.0681115676184035
-0.206915658768422 0.0944976790062775
-0.217642794832861 0.130310935378723
-0.225582907195506 0.146224925673434
-0.232461459609436 0.137433281739856
-0.237521387463102 0.112024170019267
-0.236916417707066 0.0711910558653023
-0.247507186520374 0.0455668403044364
-0.264543473286303 0.0337741858097638
-0.270960835996487 -0.00113281528679458
-0.274152777195495 -0.0391047481181283
-0.279838013248634 -0.0468161929692066
-0.282117821594793 -0.0346116070308591
-0.289443130854397 -0.000721760819831659
-0.281511586397825 0.0251469344137502
-0.259760269319608 0.0434004045652753
-0.24572938585802 0.0703331678057013
-0.247494751533842 0.0935379942429341
-0.263218502634541 0.10805653065987
-0.281451609129324 0.121333966852241
-0.289736509965555 0.12648665020138
-0.262740672135363 0.0987806710028412
-0.215377722734141 0.0562676470198516
-0.153761511620266 -0.00100194980418676
-0.0827726419648798 -0.0627439042116403
-0.0238658286142579 -0.107905916662546
0.0032112462562014 -0.127673456237499
-0.00508799128086011 -0.115605224754245
-0.0370027463369998 -0.0948321438378051
-0.0886183716319072 -0.0409219143791433
-0.126327789185567 0.00691640580824934
-0.141081016184121 0.0338529573702136
-0.147995791083942 0.0448696997044827
-0.153199565515819 0.0441442303384544
-0.163826420007282 0.0386121341777158
-0.179503046311308 0.0274368743160437
-0.204011868494835 0.0182771275275778
-0.247942548411424 0.0274835766852492
-0.308919140109001 0.0579982825674551
-0.357482035065311 0.0811285354448173
-0.374000801759289 0.0814501768243033
-0.374660844893501 0.0740436517955881
-0.370062415458847 0.0644772947607734
-0.347754474070892 0.0483681473569517
-0.333386155859137 0.0538898707729249
-0.318356168194376 0.0697019367404826
-0.266841316206862 0.0605807688490807
-0.19022828993088 0.0231154447303919
-0.130776585617797 -0.0151854630899288
-0.085995525222347 -0.0437515287551853
-0.0408954692445457 -0.0691639013508624
-0.00316257627816206 -0.0911626931653044
0.0230035430848878 -0.106615236079843
0.0145281618042621 -0.0838538777453384
-0.0138486320617098 -0.0303738279934458
-0.0467323536393479 0.0303119953390274
-0.0755979658118433 0.0742215918868017
-0.109380248155725 0.0702532689921516
-0.138858312975081 0.0486858437866924
-0.164190041373128 0.0563750790261402
-0.207614663941965 0.0994916218605021
-0.269370777058771 0.15161500602256
-0.33760153171064 0.226125047765211
-0.411089236663102 0.307277588563258
-0.484978641538932 0.368666444945773
-0.546510874980136 0.378015201196617
-0.58526394433131 0.322373081245792
-0.598878234643457 0.215669521924396
-0.605125046657003 0.0778980822660029
-0.609622519964654 -0.0649225417938838
-0.59878198066827 -0.17543374674896
-0.570840009058203 -0.238968685150087
-0.561829793553716 -0.237351201160086
-0.586863724154243 -0.189577573800557
-0.618520234032742 -0.136089037378646
-0.645947151432925 -0.0856518366658174
-0.671354814977964 -0.0423762076063029
-0.697730230268138 0.0061614453885092
-0.719194903317762 0.0606537098713542
-0.727049139073479 0.110502663901298
-0.721055733942004 0.153169777478556
-0.692599716569959 0.184747290449963
-0.627094854319548 0.195864677106264
-0.531392783425134 0.182758964157685
-0.420854786653788 0.142768463428402
-0.324508739204211 0.080580411632464
-0.256417097792165 0.0245025146458648
-0.209101014700906 -0.00154072267013486
-0.181742800003038 -0.00878870146036333
-0.168406072243034 -0.00864345170467919
-0.166390668659759 0.00552337464849357
-0.161938884892903 0.00571695458472318
-0.137748786235169 -0.0238883863667608
-0.0955309118333853 -0.0672909517468619
-0.0523353679626076 -0.102139297345355
-0.0299906958196031 -0.111285213093642
-0.0254605175243086 -0.0977415364586304
-0.0246659670949054 -0.0854291123554993
-0.0262972930513256 -0.0691514483796418
-0.0200827277314497 -0.0473351794177233
-0.0210530011086312 -0.0038545162300359
-0.0377385691704878 0.0549110327802671
-0.0609130541057178 0.109554422023904
-0.0643617229009564 0.140199593940586
-0.056014832530351 0.154452661251689
-0.0302605973728901 0.148709423870904
0.0118940283008369 0.131883856341216
0.0436911288343934 0.137935300696559
0.0757473847594744 0.155955287961582
0.141374201437131 0.150225456848225
0.242648623287657 0.113674543275205
0.360943583314762 0.0675186591568765
0.472544320834022 0.0473550361735311
0.525163635457352 0.0998321831531973
0.527774068160992 0.1269847014629
0.494688814412013 0.125952344361688
0.454404705262007 0.112562243537711
0.413226119989123 0.111022731241585
0.367804891462161 0.13196741281254
0.306024675092566 0.169519263246351
0.20175474411883 0.230556948738355
0.0663177173128354 0.312163466828653
-0.0546640568093889 0.364876644736834
-0.120268438817616 0.343313380862696
-0.133352879129451 0.24923063555445
-0.124019463036137 0.113009556848885
-0.123306431676192 -0.0153506548840402
-0.145805905901392 -0.0806232241921405
-0.177337293949115 -0.0926391126075462
-0.196974931597454 -0.0898790048385191
-0.202515766462441 -0.0888868723220271
-0.200250435526155 -0.0894897250199273
-0.193955882914364 -0.0927491316260435
-0.1810407803869 -0.104569058561473
-0.165490529659543 -0.118138481163977
-0.15682603986903 -0.118403625613518
-0.158323050283573 -0.104577922213601
-0.167185507597582 -0.086066485296664
-0.167406002643483 -0.0904078594090098
-0.169465818431725 -0.10703172813064
-0.175652824995105 -0.131492794711436
-0.192407931863027 -0.15223054337332
-0.239272369636272 -0.127343753790813
-0.265022636390916 -0.0969818912905675
-0.273930550496673 -0.0749892179548264
-0.283706512341192 -0.0380502294044614
-0.291322490756906 0.00502838354755275
-0.307674718890461 0.0515393554164631
-0.342862611060535 0.117908398236723
-0.370085101791198 0.166351292493056
-0.348929421656117 0.160482552511683
-0.294093667792424 0.119445912632868
-0.246941811271679 0.107181229502756
-0.209395156264541 0.122942259313231
-0.181312849041168 0.127628167208569
-0.13656057089209 0.0799852152982425
-0.0558696624702329 -0.00933239325113275
-0.0112336604922767 -0.0422953725343655
0.00419794653311194 -0.0422483194434829
0.00316603974260287 -0.0210190617946898
-0.00144252408767236 -0.0281597142338477
-0.0119241611278656 -0.053026998172394
-0.0253422188234419 -0.0808292801552383
-0.062018908184236 -0.0909348263673862
-0.114285147243687 -0.0510662432151939
-0.136219946379819 -0.0167448006632225
-0.131714369277257 -0.00750888576231198
-0.109553675378455 -0.0137203454139177
-0.0681221933165493 -0.0312291595352811
-0.0202235339552402 -0.0476906772037989
0.0215974128696996 -0.0600501695947285
