0.307595668143791 0.0639298584778048
0.36417238024298 0.0596935131000978
0.416132284547921 0.0508082990719645
0.46491384226219 0.0353117159776366
0.511173261278778 0.0165757313334271
0.569093937254308 -0.00143063629654157
0.62093077049278 -0.00694402774574911
0.633097514986629 0.0143282246337601
0.634217767547838 0.010566710083644
0.626077705681308 -0.00446612540820508
0.609697069545101 -0.0149790141658864
0.590106850246454 -0.0220061390311174
0.575408206291694 -0.0165794405432839
0.561160219768694 0.0140506734469246
0.542395341165661 0.0581709038083733
0.524662702265155 0.0860960140550493
0.508048348413264 0.0797437506488566
0.48841834066775 0.0426012484170579
0.463725689824686 -0.00175842838120238
0.432970515265864 -0.0391737177545216
0.406179585779975 -0.0597588875389474
0.397154656012127 -0.0706513558460147
0.39643344351061 -0.0620156807506435
0.381909638752679 -0.0357568877779214
0.355587366269506 -0.00844449308517902
0.34385713839343 0.00238015242434848
0.342868980483153 0.0264243614246477
0.363612676948856 0.0530318707405343
0.407102907522968 0.0639414580575123
0.44945790171191 0.0572395042248676
0.459178474417803 0.0379874781535991
0.445520448721704 0.00934116741656458
0.432756052103533 -0.00900837054939905
0.422996469859699 -0.00516868655397687
0.413170089897751 0.000589352353911417
0.390366097611057 -0.00473211091494482
0.36434536942296 -0.0139860209644805
0.34735520400744 -0.0139641358707588
0.334825035169209 -0.00772532904242253
0.326031079323418 0.0014426806968273
0.325849967028085 0.0149752627906529
0.343499438440965 0.0336713629418335
0.364675600954454 0.0603400545064885
0.377444902640834 0.0921790734852497
0.373595790368495 0.127016702204928
0.345387273468816 0.174150167663577
0.29062330928404 0.23703543400862
0.233413079410367 0.278040421203078
0.189234008964719 0.274286881680698
0.147340014312023 0.229205145110336
0.0955780121606202 0.160155949588418
0.0304070632089384 0.0826486167538175
-0.0348655899458201 0.0320405146914515
-0.0835845370398474 0.0121696578530402
-0.115920835486192 0.00053245499181866
-0.13564158592106 -0.0262390709588564
-0.143492446179028 -0.0689840607175728
-0.16381826521001 -0.0950502294364312
-0.201642984975179 -0.0959095093971546
-0.254526961313752 -0.0526512810398763
-0.281974447735176 -0.0130983276629564
-0.280475393129663 0.00260198662649272
-0.262108391808408 -0.00934275448885297
-0.219172613653398 -0.0610593511882029
-0.171969106105846 -0.118291736586806
-0.188827331501643 -0.0602432360003939
-0.221699079723564 0.0321835458826779
-0.24762790010468 0.103097009227357
-0.271031070919135 0.130452596403333
-0.299805918717987 0.117575894968816
-0.314865020922195 0.0680927669453677
-0.318561125107471 0.0143390687249742
-0.316084323713347 -0.0341652320289976
-0.310626508000169 -0.0738318623449862
-0.2968607182487 -0.108534890437054
-0.285897303241961 -0.125984355357698
-0.292404179386791 -0.115195011850102
-0.317761322524295 -0.0757110008238553
-0.347016474225862 -0.0337471179803242
-0.348486009780792 -0.0153438013842507
-0.313107639649028 -0.0278038211998024
-0.248451939877903 -0.0632937385373135
-0.171198087643235 -0.105450150734994
-0.113585626856623 -0.118210462589852
-0.095688127209517 -0.106863219790617
-0.104922681714782 -0.0890486450336982
-0.123055667732732 -0.0750810228032135
-0.158439434524556 -0.0472763077172584
-0.21900197423159 0.0182672392018622
-0.305217848258182 0.129531667408739
-0.413252990747949 0.287780846494026
-0.540103787594456 0.483511959986589
-0.671015296765714 0.67171583596946
-0.794759291561391 0.801772734810466
-0.896381431947029 0.834183147991145
-0.965244017069846 0.760923848918039
-0.984540724793284 0.613828996931789
-0.950725259473221 0.433905534343331
-0.87795197439139 0.250172907270488
-0.787349521061785 0.0732938011123243
-0.696043431711661 -0.0914904023118566
-0.660486891261225 -0.158156032113969
-0.688645709686404 -0.107862181982745
-0.717830225888525 -0.0393113771739923
-0.703838280993674 -0.015414700136549
-0.637035916774293 -0.0372764207348728
-0.542701381340081 -0.0796007415509898
-0.453529226789981 -0.121027231461665
-0.381215528418947 -0.148533845400811
-0.341565139654917 -0.155318250315067
-0.330197051040991 -0.147319546300414
-0.330088488543584 -0.137075769919919
-0.337126672100345 -0.131232433013642
-0.349642131817086 -0.137510826234984
-0.371022389980866 -0.139381354664653
-0.409283922241133 -0.109679342775746
-0.44803851899586 -0.0659793063074382
-0.470080555949342 -0.0357912804105386
-0.452788508984932 -0.0226464220310587
-0.386685643214877 -0.0385246073829253
-0.299146963847367 -0.0732005545085142
-0.231808518521816 -0.108481935205353
-0.177965937018148 -0.139773327304018
-0.147907076798932 -0.122862664960196
-0.162614933144825 -0.0605405089227811
-0.194090857604617 -0.00589235584274283
-0.225590206484247 0.0317732735266779
-0.244104059481563 0.0420393860999701
-0.239640279429031 0.0281745298544249
-0.220138428872484 0.00440011563526034
-0.194497673683683 -0.0187467924387097
-0.182490432008475 -0.0386178897211059
-0.19144387747645 -0.0490875614279716
-0.219471697964257 -0.045469788650127
-0.252051679018561 -0.0362464206223277
-0.269518630154242 -0.0352323272682648
-0.26692384097474 -0.0489393864518114
-0.26744264685387 -0.0603206443902602
-0.289896462960359 -0.0465332324396119
-0.311966414512455 -0.0230597342179886
-0.318880148721034 -0.00746439162866775
-0.308004359841313 -0.00456018940962834
-0.272480168023799 -0.0242725115235946
-0.218732794535759 -0.0564078974436417
-0.176445133572224 -0.0753133972152584
-0.14698448457726 -0.0816728512648131
-0.12753875715512 -0.0717906823683103
-0.132160684488625 -0.0254086906739414
-0.137395475469259 0.00539672710718532
-0.129536886482958 0.00844537985515621
-0.122088733195076 -0.0164241593864319
-0.13830817679872 -0.0605902369596421
-0.18229841189585 -0.0789365173009084
-0.228149708375461 -0.0618708980670273
-0.277833058117141 -0.01756550931414
-0.347707466018608 0.0753127693420156
-0.438589348665655 0.216070492908687
-0.55326432971672 0.378699227355407
-0.678497294120224 0.530758739994771
-0.788274772535081 0.646345679318732
-0.855868671687694 0.685312878549718
-0.870828166324535 0.623326261038966
-0.824004231919026 0.47001689744007
-0.72153884289043 0.273773484000723
-0.602606157782646 0.08547602625676
-0.534029544234079 0.00198969105347169
-0.512227244046443 -0.00404609916182455
-0.488653385488072 -0.0271116962408362
-0.466466624911936 -0.0487145368462686
-0.469920752771596 -0.0364450087169515
-0.478810358894184 -0.0424244322189172
-0.46837446871559 -0.0758188419780981
-0.437111713396454 -0.129330925484236
-0.421989913648495 -0.160365024194667
-0.427481714112265 -0.163459633423591
-0.438816235188057 -0.146421489399271
-0.434145207272807 -0.138688562356641
-0.411429140703029 -0.155540813456744
-0.400200269717841 -0.168685010930724
-0.44958368108791 -0.116922063867702
-0.526863203952138 -0.0412682777122786
-0.574380911272777 0.00799869770865121
-0.557064488823274 0.0173630455096405
-0.484041792267596 -0.00624591208332748
-0.388646868800034 -0.0459305875465691
-0.293527886396191 -0.0816352584305732
-0.217176379159445 -0.10963975578606
-0.175125596151272 -0.124923689859061
-0.167380763910383 -0.124710294230417
-0.187630367713724 -0.0983229864575884
-0.216453635988585 -0.0585063815957767
-0.214005612843082 -0.058105175387736
-0.192324799735691 -0.0830092363432797
-0.162913617342705 -0.0968446051469827
-0.113408590263111 -0.0834022867363639
-0.0869768930558217 -0.0357714245312491
