-0.419765496003086 0.0422521531150964
-0.338955598377375 0.0144239715774974
-0.275532861924447 -0.00702140648476153
-0.222109025819758 -0.0336962511341701
-0.172865235024018 -0.0581294121487731
-0.130736158331528 -0.0692727807341878
-0.103106584037608 -0.0587317655830271
-0.0938106666814673 -0.033433264682411
-0.110323278724381 -0.0133962086593822
-0.134184764526053 0.00413002882933123
-0.158850930054456 0.0174632854732762
-0.173660632809884 0.0265192940904688
-0.189167496640008 0.0315209444431935
-0.211159927427789 0.0340136318942089
-0.236995597088289 0.0532351926446252
-0.247629200100453 0.0901287270140242
-0.242267089068609 0.122425246956001
-0.22655089765273 0.140179625868421
-0.200176291504794 0.143636346636779
-0.155675225765913 0.137890577610026
-0.105117082335374 0.118624037138981
-0.0797583214244087 0.0702869061207398
-0.0848907971910764 0.019211448509033
-0.11184186492192 -0.0150183592410589
-0.13719837502553 -0.0363724952502617
-0.153835842673795 -0.0576930669808411
-0.172517227621263 -0.0747991191615424
-0.190394891103291 -0.0892646091353888
-0.198068569590618 -0.0951793380410226
-0.197514124812024 -0.093402655684602
-0.194137202272265 -0.0935390943611839
-0.197847161571135 -0.0983194951988707
-0.205131949767201 -0.099780643275732
-0.207993030267921 -0.107280498846734
-0.206180085751434 -0.12618454422116
-0.20430755679985 -0.147318676692459
-0.205423445411721 -0.161152006373344
-0.203337188344399 -0.170687618529814
-0.198325145257054 -0.179996570606666
-0.20206296606181 -0.180239632076112
-0.21343476805826 -0.175351620192821
-0.222467366792749 -0.169920835870916
-0.224301644678325 -0.164787196525569
-0.2204350069138 -0.161192174691609
-0.214794370450701 -0.163567490809344
-0.212440632349 -0.172741006541199
-0.214588566391068 -0.182723998118074
-0.218066715061029 -0.187625162940686
-0.219787947404112 -0.187253825702097
-0.225285675080778 -0.177595022422428
-0.233070692578336 -0.163928089309584
-0.244238448625495 -0.144704426536059
-0.25432371051508 -0.127600175493579
-0.257904599337354 -0.1245528735789
-0.257141625525196 -0.131618373306146
-0.250079141298876 -0.147610123510415
-0.237192722070546 -0.171196350452327
-0.223919182513025 -0.192422657028031
-0.249998502123171 -0.1455375975539
-0.297403381728347 -0.0601922662226847
-0.339133446772889 0.0109313035649286
-0.359244228539578 0.0454051432337853
-0.344096246101949 0.0448643280185905
-0.260051031419181 0.00731000232127127
-0.140813257189988 -0.0382319481752218
-0.0618387103088914 -0.0567948247209303
-0.039981184209653 -0.0515100277756259
-0.0446303236195409 -0.0378344487985541
-0.0551440839123235 -0.0257825240626731
-0.055837946855148 -0.0171444268034617
-0.050215260375402 0.00706408342002525
-0.0602284081057185 0.0712663844175875
-0.0865902423581427 0.142473453569868
-0.118521970400862 0.191983144600864
-0.157212987114943 0.215084417926015
-0.208430493630907 0.215043052335449
-0.262806688918042 0.194404249160649
-0.299612939650607 0.156231575824037
-0.300178767015245 0.103366369776891
-0.2784581076176 0.0540938853987591
-0.267471355825453 0.0475200925162613
-0.269871629352133 0.0784895783120716
-0.268458293351686 0.094062759128308
-0.25575119621632 0.0766550459852868
-0.238572099565766 0.0331566274549174
-0.23862346702435 -0.00625118518496481
-0.259403414060914 -0.0138687509535447
-0.283570296219709 -0.00313728180954347
-0.282600404013127 -0.00867606830370606
-0.264747457371677 -0.0443423390073424
-0.251953837609583 -0.0972741300371811
-0.257609473198532 -0.150606688392182
-0.275479222008002 -0.178171121728917
-0.296759290423687 -0.167817595896645
-0.312189913897018 -0.137137899469987
-0.32303701413016 -0.111106377505034
-0.328779680500395 -0.0999511111331831
-0.331752053956559 -0.104320363504846
-0.330482327901254 -0.139492648503212
-0.338138509967025 -0.167191021932132
-0.377901947023814 -0.117045040107443
-0.425333808270265 -0.0362071716216266
-0.462417058100361 0.0233062333941684
-0.464687152428907 0.0436009912774829
-0.410021927774646 0.0225441772646141
-0.304838022347785 -0.0274502393385579
-0.215389274591637 -0.0581374659435447
-0.158614169884359 -0.0591511675976881
-0.12825874183254 -0.052095097313393
-0.108225485817465 -0.0595684142700959
-0.0911147860397257 -0.0885731771506111
-0.0752578106873277 -0.124211759678193
-0.0531204981867671 -0.144802666845272
-0.0344663960394355 -0.144102901270737
-0.0273492744005189 -0.134001957195892
-0.038788907726481 -0.113194919458082
-0.057300182078186 -0.0898242035847809
-0.070623135473389 -0.07396614087719
-0.078432573482991 -0.0646218069480094
-0.0843480828068868 -0.0633915403347795
-0.089575280115393 -0.0645470627605633
-0.089522190292942 -0.0672502456379953
-0.0808885576614325 -0.0689435607698029
-0.0784363272131856 -0.0764601256686332
-0.0919434275543648 -0.0934937783090384
-0.101441733521802 -0.113411843843214
-0.0986954685611891 -0.123039055504556
-0.0885533966558011 -0.121878285114747
-0.0791915888845356 -0.114684697095718
-0.06820782504151 -0.118236130638964
-0.053145452459004 -0.133332726765145
-0.0386268234890716 -0.1475612743208
-0.0335156923800796 -0.150316595709916
-0.0345420987406582 -0.137600713821378
-0.0395397300001203 -0.111331885199271
-0.0483193879831155 -0.0865272480747719
-0.0582447650150204 -0.0785112320930313
-0.0652431201905506 -0.0923086735273997
-0.0766753351828884 -0.114091804818792
-0.0907306810729834 -0.132555743305176
-0.114557829135419 -0.116486841842497
-0.140546519132124 -0.0765407480589483
-0.164332686854177 -0.0437507141929828
-0.200506898205507 -0.0122025070816849
-0.23910966070964 0.00942123611267743
-0.265850298891093 0.0148925299187112
-0.259381675832695 -0.000964562295221243
-0.23281120741342 -0.038781687556342
-0.200586765369054 -0.0878523629003477
-0.18028341902595 -0.13005842453668
-0.176036407476168 -0.146589224685362
-0.171653340481028 -0.148281535076302
-0.165805049301086 -0.151035520131146
-0.158776085490775 -0.152959975784574
-0.148982997910595 -0.149132732464636
-0.145121872219335 -0.121524831860064
-0.152804693534177 -0.0766199256929515
-0.168086668409571 -0.0439849986515474
-0.175305008188406 -0.035249250822934
-0.171262957754577 -0.0503050606430932
-0.159544694709833 -0.0823935750297522
-0.156405661464858 -0.111156046689908
-0.183259765756011 -0.0922968381414897
-0.236569737309031 -0.0266123626601959
-0.299660224070872 0.0612154478142254
-0.367935083897968 0.1551389055757
-0.433883465452167 0.244547522737301
-0.488980055934449 0.313790320393649
-0.539499108512781 0.345343051901865
-0.588848936392306 0.333183592537496
-0.614218657897468 0.277744589360853
-0.601181852137854 0.190671498023659
-0.548311294134355 0.0972181268398419
-0.478589360341197 0.0229517290905519
-0.423000953573956 -0.0283383504102777
-0.38647551072038 -0.0636331939863617
-0.365155652396969 -0.0805752145594993
-0.34413321091199 -0.086146044115399
-0.320515159506037 -0.108972531973175
-0.308302551456713 -0.152445750840022
-0.353598141021348 -0.146077329143654
-0.396741602741202 -0.125844772279075
-0.405977984933259 -0.118994204251283
-0.377932860980291 -0.12189406823087
-0.326239513814139 -0.137371603265734
-0.282786922262043 -0.156251415286402
-0.28769633407928 -0.150311576845027
-0.307296933619205 -0.130052008882616
-0.301821824484054 -0.121962530546131
-0.272842706117937 -0.124754978622398
-0.241047547746933 -0.127560499449647
-0.217720685684228 -0.126999807457795
-0.203929753153827 -0.123582737437888
-0.19972548632908 -0.113381523908162
-0.198368825110068 -0.0987858449418122
-0.203623874931914 -0.0789775361582631
