0.395788573969519 0.0391285342331473
0.455339963706506 0.0255053436687783
0.512555811612142 0.00999362971022515
0.566430663083296 -0.00822119286454625
0.612188476017623 -0.0250355996579202
0.637604061069228 -0.0322583024899639
0.651791639915704 -0.0350437297003665
0.659794818928672 -0.0387451109309641
0.657594186519088 -0.0385828160441671
0.649501560353235 -0.0343303696586715
0.641379096945548 -0.0262003594779101
0.637128912412964 -0.0174998233404797
0.632426680214944 -0.00516643902526043
0.627862248360721 0.00947691311085543
0.632851764216056 0.0168675552145123
0.642797076285065 0.0213931152203946
0.655706517205517 0.0190798924866785
0.660516676102352 0.0219987267104164
0.654652081369958 0.0359865021424335
0.639946278640115 0.0597117672091834
0.637261859627762 0.0737096426574258
0.647799620051819 0.081770952743535
0.669245816784625 0.0796067148903934
0.690995910440537 0.0496129132408362
0.696701528906759 0.00853578411560956
0.67950487097489 0.0110405193976684
0.66514052928134 0.0268688804228135
0.650192370573799 0.038905404334052
0.646486676415426 0.0369135052696204
0.65376381625016 0.0364728607304158
0.663600381700895 0.0460797114990329
0.651054429887545 0.0626684758317766
0.618832020895668 0.0673908278304067
0.571766703808338 0.0667660104946504
0.531444737403808 0.0613079500922287
0.515189813877308 0.0465029749602065
0.502493915034171 0.0368926268148263
0.495725885184505 0.0288031775324215
0.482627354057277 0.0278929047094016
0.45464744789886 0.038780454295437
0.425683741370691 0.0580446038058025
0.41316924842848 0.0668073283400187
0.42059899609599 0.0647118666032823
0.433228354287711 0.0486521693204399
0.447856371415568 0.0179594495533699
0.456459518543882 -0.00937199980732636
0.459685488044626 -0.0215904157980255
0.450994081103743 -0.0154086533902071
0.436575128410496 -0.00434370361459453
0.425060881254029 0.00132895532998128
0.43601358090853 -0.0124140966544368
0.469867303300372 -0.0428924655554306
0.478630723482549 -0.0247824749942634
0.461482699190713 0.0258254451804057
0.43863485502109 0.0620566696076137
0.40018480003762 0.0917879543169844
0.350553941345074 0.122992418369555
0.317430699008559 0.140076567654
0.292373087732498 0.143011294561785
0.265704739174257 0.133374103021987
0.220683754784359 0.125727463384495
0.150082022880671 0.144221586757114
0.0690640905463753 0.186493216161956
-0.000981243934818491 0.233610468360911
-0.0561580859136578 0.2578586919671
-0.103534038626327 0.236990623873142
-0.14922277392779 0.170957451954953
-0.197529580982363 0.0861416254057193
-0.24838051696044 0.0285060641080851
-0.295883374933079 0.0174853638757993
-0.332299549333527 0.0317302668532191
-0.351092986717443 0.0478733100413509
-0.33906410595568 0.0299883736446053
-0.307265178416805 -0.0262080014420667
-0.294036277016717 -0.0715696649281265
-0.300574257080393 -0.0983677739084452
-0.322142666166308 -0.11126114169126
-0.351837357415797 -0.10594450338828
-0.371192474468272 -0.0858861260201648
-0.37694875195819 -0.0680553464066567
-0.393889865028155 -0.0487137140405664
-0.419619136131578 -0.0372827114329387
-0.441071848509627 -0.0320381689647276
-0.458486314953307 -0.0308466685286357
-0.466200604484775 -0.0471183609316135
-0.471316412911925 -0.0732372595426495
-0.478146431647376 -0.0850376377183159
-0.473163890041076 -0.0845298828866291
-0.449045148041111 -0.0847499529744896
-0.412801491337901 -0.0959817749038368
-0.384161410693407 -0.109831736905762
-0.37809070538235 -0.118978743095465
-0.391055263049561 -0.138638073723878
-0.411641530048839 -0.161954916442747
-0.440906138323441 -0.164594316628638
-0.473476278775073 -0.138034420193861
-0.494565652351899 -0.108690092676952
-0.491256835415528 -0.0998491541192394
-0.448626539945379 -0.120875807960668
-0.379599581467617 -0.159632173092484
-0.326589284608578 -0.181245804219458
-0.30713588635024 -0.172495402557856
-0.295022191994532 -0.173110865288664
-0.307411629691913 -0.155268828287096
-0.345219891683053 -0.106710455449533
-0.370704617209742 -0.0706193952917572
-0.368031353335331 -0.0591188360360079
-0.329296354831454 -0.0733242546088376
-0.270588392915399 -0.0952128812040459
-0.216432736034095 -0.110464019673555
-0.182607660399237 -0.122633357663236
-0.167893136237106 -0.133725242525748
-0.169062841917399 -0.145158994969177
-0.173328265874557 -0.159878871445563
-0.173669173838723 -0.173278996878551
-0.173357148147091 -0.173224723876554
-0.173093273738541 -0.172496855149587
-0.168080738295214 -0.18641218229272
-0.169167257212895 -0.202497118624607
-0.188581808141633 -0.192926428697821
-0.205417668204339 -0.178985804086414
-0.20521741412594 -0.173351508303768
-0.194931189024489 -0.174948220202369
-0.185440580335147 -0.180119604202448
-0.182379558300016 -0.179423236307609
-0.180268917960449 -0.171594979676183
-0.174279953761232 -0.165354953123579
-0.164537341392287 -0.168623073209142
-0.15732085328505 -0.176443225054717
-0.156950570823062 -0.181302854607224
-0.155365919263525 -0.1839411348242
-0.153072306089995 -0.182712539708129
-0.156723260777698 -0.176170866666786
-0.159714860358032 -0.167880299012222
-0.158100534542715 -0.160384786179023
-0.158119541087056 -0.153690562781528
-0.155636552782409 -0.154256366517924
-0.16343754207508 -0.133566447932429
-0.183904474474043 -0.0892398864233398
-0.198386930060857 -0.0510673407574379
-0.190125423816998 -0.0559091529347211
-0.175499609848032 -0.10673091467092
-0.182844569643522 -0.17780110730166
-0.254045564084821 -0.16231304284149
-0.306715990384121 -0.136486806493521
-0.29420297344589 -0.142219410779849
-0.245729710001493 -0.164072495401216
-0.207337031514233 -0.174164414889536
-0.198779899776875 -0.163489811196367
-0.193538052712988 -0.158817078133652
-0.191988404854428 -0.150614769793928
-0.191949288838423 -0.146172937964632
-0.191874535524384 -0.149969499228839
-0.192236422322895 -0.142101009877813
-0.178093114338042 -0.144014607054887
-0.158676107729666 -0.152144662141046
-0.147509326183141 -0.153351611557682
-0.138839523771205 -0.149738771553684
-0.127268715353156 -0.149177266902004
-0.115387677024715 -0.152284412306728
-0.128818792508798 -0.126877969714013
-0.163010622195347 -0.0737882895654282
-0.183625681102177 -0.0384247749653071
-0.180605086033246 -0.0315490718053855
-0.145747167918862 -0.0510987540673675
-0.0666615566902629 -0.0955020867484378
0.0151643736104348 -0.124521000928893
0.0439457969413321 -0.100660006527955
0.0644200211431874 -0.108727957766842
0.0640973341343942 -0.113107749518895
0.0383880178314273 -0.0942675974322803
0.0110498435735864 -0.0735985226877808
-0.00171277846599139 -0.0618336861903106
0.0262608510995978 -0.0727040739731759
0.0882824044767611 -0.105010892860553
0.139610978048314 -0.136346294358623
0.146587793130006 -0.136779153897938
0.143120331928271 -0.130920807065133
0.144659474578057 -0.129959111486279
0.14515527204083 -0.131555448211964
0.143693731827942 -0.134089835734059
0.141794554392832 -0.136018947058408
0.14060877602976 -0.137960354512996
0.140612287104783 -0.138305654201536
0.139914432649749 -0.133329543370189
0.139973645006701 -0.127054514704829
0.142693675114745 -0.127568335173957
0.146898306528246 -0.135454209285546
0.146450907283346 -0.14331530411515
0.13952539803377 -0.145708694672247
0.134414141238464 -0.146124002355894
0.137043263180998 -0.146922309246404
0.142623734665312 -0.142700485862749
0.151571894356275 -0.140295631675731
0.157914170177562 -0.140848588548485
0.152105319624207 -0.136024057162284
