0.0105537937376615 -0.117204270173274
0.0354319787393297 -0.140206386622071
0.0545167948770483 -0.15367030999054
0.0665931227622704 -0.157088257666085
0.0670854637853852 -0.150805881868068
0.0653718181843333 -0.145977097094308
0.0655106376545904 -0.142723749476961
0.0638759659969001 -0.137747822077694
0.0640477037954694 -0.131989196260832
0.0680136726599192 -0.13157873382
0.0773775354797253 -0.137434988123111
0.092860027191349 -0.146313459402514
0.106149940551355 -0.148833305648948
0.109426180377931 -0.144003777899231
0.108316243961033 -0.141619563286628
0.104081080015771 -0.135917058837903
0.103309954247069 -0.129679305513444
0.107903698430496 -0.127086063948584
0.11274122859772 -0.125722927642015
0.118897019225808 -0.127690954846614
0.13104618029587 -0.135639216629924
0.136854375810204 -0.134446345781365
0.142379005359698 -0.12865353259339
0.152651050452668 -0.125675368058051
0.160058116611648 -0.126883378870603
0.157205397098147 -0.126460680013528
0.15743496258436 -0.124680009410232
0.164884486569505 -0.122290746700598
0.166902122626003 -0.114100217884636
0.17030748405753 -0.117907669767682
0.170242892447871 -0.123581345751478
0.159400125380571 -0.10754283384041
0.145658141057743 -0.0799574248232375
0.135997417181016 -0.0580975745279973
0.135599258173655 -0.0522815990043119
0.137547328862268 -0.0603633147676468
0.129874636069232 -0.0705292252051581
0.113970784623799 -0.0727061485125655
0.105350893418955 -0.0701518836431774
0.107502304530528 -0.0675709013407232
0.109622844785586 -0.0655566523768137
0.108367475078908 -0.067243000302149
0.0994818240933328 -0.0728087617896784
0.0858908052642953 -0.0840612060384374
0.0741202396770319 -0.0962978598512454
0.0685594921597753 -0.103448717007297
0.0677910134206577 -0.10701425577896
0.0644058896938124 -0.102519259956596
0.0397640583974177 -0.0697818685352472
0.00227291398155813 -0.0305896763186555
-0.024459174931166 -0.0138768721508462
-0.0475390059504152 -0.00613382318930287
-0.0633753191705502 -0.0159799004293213
-0.0602818305538 -0.0418100594750477
-0.0425095293169328 -0.0658246134392196
-0.0171469641073742 -0.0616051323842034
-0.01134615914939 -0.0327704853939343
-0.025287635017444 0.00173114540234999
-0.0427797475988391 0.0315955511532462
-0.0567057220805802 0.0459156662826234
-0.0728357248428652 0.0527903034635369
-0.0998926668435366 0.0589091242883618
-0.131741055951868 0.0725849474457311
-0.161857138301966 0.0970835056659138
-0.197640759128371 0.132047512952112
-0.23669637996777 0.15824386188059
-0.272653361051514 0.171673490036025
-0.299834199931322 0.171601211017745
-0.315671929917203 0.163780340431992
-0.329230585512797 0.147596700236364
-0.341260748380261 0.12478013294156
-0.355549809853492 0.0791208449151146
-0.374881555157291 0.0152053133706833
-0.396606953997254 -0.0527098945617654
-0.41904904970049 -0.100631341850091
-0.439045702261131 -0.125030451880047
-0.445421960486432 -0.143866934460871
-0.437544290495235 -0.174291269949774
-0.434305947590487 -0.192974405327618
-0.456432252264226 -0.167302978204502
-0.478504638837804 -0.143716587841868
-0.491435337432158 -0.142701559812165
-0.484067959410341 -0.168050930274143
-0.459853651534342 -0.209005057018209
-0.451274358614103 -0.221269225290627
-0.477521548390196 -0.182135999705666
-0.508321085798638 -0.141805174536453
-0.530901752727793 -0.119851597096711
-0.537901166070113 -0.121241224786889
-0.524558998150293 -0.150563321952379
-0.499299159671304 -0.18738996817261
-0.494736731300987 -0.186675882744092
-0.509795763380991 -0.145373487758284
-0.51840204188595 -0.101923872455889
-0.512172275597537 -0.069799756712911
-0.497681253735733 -0.0508671214206747
-0.461355391423012 -0.0558040636122655
-0.402151245441028 -0.0785020504235555
-0.340468637415995 -0.0976450909717237
-0.290279502270432 -0.106783669356052
-0.258076451588521 -0.103085886066052
-0.249496623055633 -0.0863771938328081
-0.254086946690388 -0.0615592329048442
-0.246599444511724 -0.0424777115737493
-0.220981369609668 -0.0332110391856931
-0.17910579120162 -0.034596779800749
-0.135359737004601 -0.0368637323432032
-0.0969079807010824 -0.0355738919951629
-0.0555404089927421 -0.0396615547657348
-0.0103019192797096 -0.0510433324379953
0.0324978576695604 -0.0636735528172046
0.0792994632564348 -0.0797204821825875
0.125735905664517 -0.0967696306454143
0.152452094396723 -0.100391857637535
0.160234409845399 -0.0921163382512544
0.165317102179933 -0.0838610503970429
0.172928456372548 -0.0836637031105983
0.176399638777987 -0.0882447328181303
0.171026209120508 -0.0858660039208234
0.166793619246528 -0.076822633414324
0.178414948905229 -0.0763126980310738
0.201576986137059 -0.0848602391770422
0.219614627728976 -0.0856329685169794
0.233068779132738 -0.0817927457692834
0.25273879476621 -0.0827519427018263
0.267119721455663 -0.0805880775852838
0.2643249625874 -0.0704914116127546
0.253520807071098 -0.0606682922379094
0.252634338069161 -0.0568524950681945
0.272320982837402 -0.0620981849946045
0.309429927522172 -0.0740262972799769
0.346933944654854 -0.0861684183723279
0.368430350230321 -0.089863147521664
0.378092551747018 -0.0886809947211016
0.382984989426012 -0.0887660233855449
0.382899360758876 -0.0861163497403077
0.372164792418158 -0.0670869391421457
0.359011024193652 -0.0405634087542693
0.354421423252647 -0.0251522497187815
0.35545578676828 -0.0250253565000341
0.363559645796624 -0.0358069171823615
0.375608544801463 -0.0388748405542633
0.397059802570164 -0.0419774523275333
0.415889396394679 -0.0563359780711851
0.427444922710232 -0.0721903081330603
0.42847588511918 -0.0741350516604348
0.42002303190574 -0.0631223506092573
0.401405773811539 -0.0430502160623194
0.386106665097945 -0.027172755337831
0.376403278736829 -0.0172430476617666
0.384781713173569 -0.0159467340348765
0.419092132425183 -0.0257305139900133
0.45609275778375 -0.0248319548464259
0.474999267244427 -0.00913788858797763
0.481648160124869 0.00897797030369109
0.477177129282549 0.0327800478939836
0.466644815800951 0.0510672381711812
0.452298372165663 0.0743828586193612
0.43595640297285 0.10837008693072
0.413492749029975 0.139382014316534
0.388918299314715 0.151693115680275
0.362835766978879 0.152837344532734
0.332964948113975 0.134184494116505
0.290985080430745 0.110346281746803
0.247014673369257 0.103694447081944
0.212913431190856 0.108858280162509
0.194500476188113 0.113286127445924
0.189474556740876 0.109310138640793
0.195204168894002 0.0949547555755317
0.182165944268042 0.0989505857938907
0.159912045980048 0.0959887197556703
0.133431990903337 0.103510229648051
0.0984588961000777 0.123738282516738
0.0571608184185299 0.149063936116321
0.0133724571794439 0.161034713332923
-0.0292216482068309 0.146735272513786
-0.071202136112355 0.115344795312821
-0.112353244140911 0.0811744160353131
-0.150654538164932 0.0507159648915116
-0.18658514188687 0.0242277034894619
-0.222165068193437 0.00325156974959385
-0.253564567277268 -0.0219503645831962
-0.283286528932452 -0.048663684217753
-0.323133941944063 -0.0455188375556946
-0.349717477245875 -0.0427375614969113
-0.362023910490798 -0.0472376740623594
-0.358916972404444 -0.0457530035233613
-0.363143359305287 0.00157847720589706
-0.384916290423495 0.0714156644654167
-0.427484095624808 0.11436188173676
-0.473545420079489 0.142976765440915
-0.509198940535967 0.16294595067651
-0.529121021280368 0.139308974421316
-0.531076038201653 0.0890155187135744
-0.498726370738798 0.0328335777901852
-0.455134737295964 -0.020090550625326
-0.41368127448098 -0.0755741902286466
