0.097817020982152 -0.120159345019257
0.0959432159470077 -0.12061829474311
0.0947090950826944 -0.122472073165361
0.0954793447606045 -0.127920235669324
0.0947443921188547 -0.130187819050505
0.0883625005984277 -0.120635791912394
0.0699803821817313 -0.0909113334586602
0.054884748848557 -0.0713525028159815
0.0459904894422167 -0.0698004069241983
0.0432171944113325 -0.0898401208032117
0.0431918035279372 -0.119154369818405
0.0475708351563576 -0.141328314337597
0.0511079935098207 -0.145135983381402
0.0517525784074256 -0.145346530799028
0.0459773678942222 -0.142752263599376
0.037502837380451 -0.141300739688668
0.0301738526994024 -0.140408657097593
0.0309724096675096 -0.143033319765573
0.0324694129393399 -0.1357930328122
0.0280313225425587 -0.117818056988447
0.0181634647044601 -0.0987529005282044
0.00488051726832692 -0.0815637844523418
-0.00830804388397696 -0.0719211024986874
-0.0137108998942722 -0.0791124735518244
-0.0111693805672701 -0.0894812776796238
-0.00455210136320794 -0.0958559005361789
-0.00141728404432064 -0.0928656383385463
-0.00141889588951761 -0.0834105310079654
-0.0153537658520357 -0.0519882933905313
-0.0358926947450395 -0.01310987902068
-0.060203053163057 0.0298371048110598
-0.0848018531138522 0.0747093224755062
-0.0987052336638706 0.109587927763042
-0.0916278134736574 0.120834589605027
-0.0630674994300549 0.115819699037818
-0.0171028504205854 0.105018611743406
0.0371152841632083 0.0956135580271911
0.0874752670943637 0.0917023660189554
0.132044660051731 0.0928346878073274
0.176851392811809 0.0939146899844634
0.224592767261033 0.0917668463197912
0.273962446925522 0.0783790286166757
0.31613728688991 0.0523417379482625
0.334589494638327 0.028133647254056
0.343110066548551 0.00258924104157403
0.351293959481622 -0.0217205186685499
0.364952404661713 -0.0395418617808884
0.371530831994038 -0.0403850993076601
0.371674965684727 -0.0445191449878864
0.354877303111671 -0.040610591987018
0.317333816309623 -0.00736662709522507
0.27147845412133 0.0412281759852264
0.24029318138867 0.0752582744763241
0.232954838287399 0.0857255949165507
0.245780477259752 0.100727678075649
0.284949777057219 0.123696816676532
0.333668217371452 0.145523568371532
0.360196121671857 0.171908985424686
0.353222655187824 0.218055712241921
0.290804145364379 0.321919593968853
0.201345644967067 0.458140651148714
0.127564092420286 0.572282743116702
0.0959702733844386 0.623491678814383
0.0990811001870886 0.610846229592988
0.117183634843714 0.561379540430138
0.139750763412045 0.507795027813673
0.18169082081352 0.449796276106357
0.240895347078531 0.40052263092328
0.289540499164434 0.385255449033351
0.315480802707143 0.395040407810332
0.339119271247546 0.389691594182444
0.375596170449473 0.352538282507423
0.421275128985168 0.289477161935825
0.457841912048986 0.209983908770878
0.470961594800856 0.13614445510385
0.449204469780139 0.103469297768949
0.410426989470566 0.118140383666371
0.390613341234698 0.137164889162199
0.41007511912286 0.139712645320445
0.459983301433019 0.128507237142022
0.521523931215447 0.109706261655188
0.569855703427197 0.0843555838272027
0.59890349631892 0.0622544902332654
0.611042704473542 0.0510259786529675
0.624441417976732 0.0430223593338999
0.635494182426451 0.0422463284625588
0.646476533831666 0.0465225033577207
0.651462233630939 0.0638652514402414
0.656458485394579 0.0857303936898606
0.673994583450422 0.0934311882979242
0.705852239608943 0.086791072268601
0.748419342116893 0.0697081700251567
0.796929066200988 0.0449047389491816
0.828519224029223 0.044149255342015
0.827001569458564 0.0830476374797545
0.809651774118457 0.126669131841602
0.793179870319115 0.147298930239201
0.781991933453259 0.131068988763112
0.774522729350954 0.089500712756795
0.769358784393817 0.0406865269660096
0.763712220774649 0.00737158957863317
0.744739966500237 0.00996210250001169
0.712299290778049 0.056980241177005
0.689230981523651 0.100958377089986
0.678504375422793 0.123727038482257
0.677643597002143 0.132577580709041
0.706473816998187 0.120775252258402
0.769685556827074 0.0863645132220334
0.815340564628932 0.0815100615419325
0.838189588509675 0.0782397462044104
0.843285720852713 0.0789467162320235
0.843299178919041 0.084582179224908
0.848140367373758 0.0846692597605445
0.81632991858482 0.148559681170542
0.688549833285185 0.378018941249323
0.551552253062916 0.646981168620501
0.449358708265125 0.869801823701202
0.386088851758311 0.945193261527635
0.285787238713722 0.818661118379253
0.168768684954132 0.520952454434074
0.0679169221158052 0.195682705981677
-0.017194296477653 -0.0424412224825299
-0.094194604585007 -0.104915557732541
-0.163888671435649 -0.0644304518361643
-0.188084715433076 -0.0364464756374106
-0.188199949783438 -0.0316450689128925
-0.160620253928808 -0.0622214530020728
-0.124223064853171 -0.0960268627983243
-0.115595806826524 -0.0836663761053547
-0.128072353103746 -0.0461531803388548
-0.115474817134624 -0.0416344789282167
-0.0825709041999117 -0.0616312383379421
-0.0581785398978746 -0.0837918987815238
-0.0485413484189517 -0.103756099148971
-0.0374495294731459 -0.130752648736857
-0.0311587907263117 -0.149601780193365
-0.0369846245958565 -0.150184757302396
-0.0434072015331448 -0.143415778308375
-0.0393160363430545 -0.144757165877025
-0.0262806691151834 -0.156616730485933
-0.0183428710422494 -0.156821437533906
-0.0201264365444167 -0.142931346912213
-0.0247646950069425 -0.134638734574474
-0.0297200940673165 -0.133665277436877
-0.0252435714112152 -0.143281267553446
-0.0166693783176543 -0.158776500633477
-0.0117641867890999 -0.1670570247119
-0.00880755869824727 -0.165842399856923
-0.00726865613865841 -0.158700325945732
-0.0130741653954263 -0.14810233395335
-0.0201501947706945 -0.143853402175573
-0.0229092341138838 -0.144473498115892
-0.0214059058411196 -0.142714258569203
-0.0250191101166904 -0.135942732483705
-0.0329127684239481 -0.1289339967486
-0.0365201274358998 -0.127978100388524
-0.0386383964364443 -0.121451781718713
-0.034873483813024 -0.119739685680767
-0.0291062792967486 -0.126981841562957
-0.0261511424683754 -0.13684686584283
-0.0231540365274727 -0.149721210308175
-0.0240006385661963 -0.154614491360331
-0.0246664728354478 -0.155904325655419
-0.0263756201525297 -0.156763629996435
-0.0362553456866072 -0.146084391787479
-0.0487384279537338 -0.127393620336809
-0.0491607286841095 -0.119673581984614
-0.0403821812841322 -0.125017900909897
-0.034694351318082 -0.121306471333215
-0.0338704362805068 -0.103506889832289
-0.0433951253384317 -0.0738784226526497
-0.0482337045621639 -0.0605816637069143
-0.0478760300838568 -0.0677530145633055
-0.0397910380400885 -0.0936909482790182
-0.0312018718098985 -0.124967599205311
-0.0301795215934904 -0.142912837948487
-0.0313839188895635 -0.152628686642419
-0.0341604581180943 -0.153164909272621
-0.0358874581458792 -0.154399807943614
-0.0420356079335346 -0.147089007324957
-0.0468727216730445 -0.137815280117988
-0.0506733650332829 -0.131836507740972
-0.0490216604017715 -0.133478555681071
-0.0432332292064633 -0.139236655733274
-0.0318770860856012 -0.149937567105427
-0.0200985248560653 -0.156473923432284
-0.017124546579036 -0.150229612428878
-0.0173978259207106 -0.142304621432245
-0.015418435315924 -0.143776236906855
-0.00803298093285624 -0.157008545788072
-0.00702643438455627 -0.160522819027964
-0.0123608609997486 -0.149004623749814
-0.0116738881903407 -0.144315148761599
-0.00943887564281194 -0.144758568292744
-0.00889566124848885 -0.144988861191205
-0.0205725393887598 -0.132296718515244
