-0.406735167821141 -0.120586809746881
-0.400296077354767 -0.104812306207759
-0.396750584068209 -0.0976695507958789
-0.396989361080009 -0.101128486817025
-0.406865230170156 -0.105373387914765
-0.386916099291139 -0.119819780005224
-0.336204202636652 -0.139302475420762
-0.294088534269138 -0.143899500012632
-0.271184335479136 -0.137557394501891
-0.257102069924433 -0.132887184896351
-0.251575534627532 -0.131672888757161
-0.243564629284699 -0.133373640010076
-0.21041766839762 -0.145835254905652
-0.163835538354984 -0.165634536089856
-0.133287957864103 -0.179842204686382
-0.13377203239875 -0.17288644938957
-0.145731255892524 -0.158077525496126
-0.155810247744054 -0.146110706393411
-0.160734151091779 -0.138843820810624
-0.154429579726189 -0.139781195805602
-0.133667440121118 -0.151441293495865
-0.110456784064319 -0.162635212323274
-0.0977538415478801 -0.163952602469886
-0.0955374211384032 -0.158039689154245
-0.099904684201563 -0.154368928262112
-0.107303558306321 -0.151438477430597
-0.113697161384647 -0.148297847392441
-0.109938710014514 -0.157556333743985
-0.109124413650323 -0.16758449344644
-0.113799910213536 -0.157588144504269
-0.109907350618217 -0.153002848475318
-0.101722615586983 -0.165134630627947
-0.0880167254837316 -0.181481732802328
-0.0883261212146581 -0.165260636432085
-0.0963395941455942 -0.141089648870936
-0.100454717247143 -0.130223859001536
-0.0976416867061211 -0.137272694598463
-0.0905787348988147 -0.15311158566205
-0.0814993163094573 -0.167160289630082
-0.0889966512300392 -0.147162598719462
-0.100968732344418 -0.123484841107736
-0.107244249308349 -0.115158258972699
-0.113486975275909 -0.119353589368831
-0.114533851604055 -0.150559523794093
-0.123941332846464 -0.177301133574222
-0.156184524967027 -0.147182011376286
-0.170300712523586 -0.126139768976912
-0.163499984827889 -0.113028847923535
-0.148461811052089 -0.119239077292866
-0.131015064165371 -0.137452858383997
-0.113757732091767 -0.149742691466899
-0.0894276089005814 -0.158457398163211
-0.0650893839272795 -0.173384975036184
-0.0536751432470426 -0.174756953181315
-0.0533930366303693 -0.158539285360776
-0.0552393359328258 -0.141530567354398
-0.0585266635375271 -0.132851926621528
-0.0628451674434357 -0.134059444637275
-0.0711160494674135 -0.138022653209598
-0.0883176366400859 -0.134434893136744
-0.105042971731373 -0.129133538486171
-0.117292926441506 -0.129441312130178
-0.120077893810524 -0.128245626952065
-0.107785946439305 -0.131022335032524
-0.124989539494956 -0.0758063774083982
-0.144837431365616 -0.0236628202536917
-0.140937326429467 -0.021768773703865
-0.12666433627388 -0.0417421098208809
-0.122508635330142 -0.0812136292972792
-0.134471501650483 -0.139216581708405
-0.172863746745942 -0.131665082393746
-0.194165735617691 -0.0833420910427543
-0.210647451204514 -0.0371464257300374
-0.220685673257662 -0.0186881583757175
-0.200286384068779 -0.0316104672807359
-0.152320084653239 -0.0674945231061757
-0.105852301265255 -0.105641385776274
-0.0864974398223658 -0.122836882250539
-0.101579344955262 -0.104196416732549
-0.140100872557893 -0.0644897038458469
-0.18757761167007 -0.0145833905969491
-0.233156894870337 0.0247447308402838
-0.267497426709796 0.0422262895222491
-0.287551092634061 0.0309082234760975
-0.290756408977856 -0.0120461474005074
-0.282145871051295 -0.0649724293056902
-0.268367409529079 -0.0969319222786991
-0.274497088179583 -0.0780842556734188
-0.300837946854261 -0.0273338313314105
-0.34236513627959 0.0494160426982988
-0.406479945810458 0.149317955080053
-0.47570210806751 0.240499852184749
-0.541398169270311 0.295932039265965
-0.598840151181151 0.294442480518932
-0.641269413905208 0.241249252625227
-0.665799682789061 0.149732875824153
-0.671720263922738 0.0532837671015985
-0.663024147919396 -0.037500967351575
-0.645419250008043 -0.111521764968972
-0.620727961022379 -0.166125346817178
-0.597750598358414 -0.197771114428316
-0.60062921531979 -0.171811017732355
-0.608965868067283 -0.131800229743081
-0.634789155827772 -0.0842753872793802
-0.690169765060812 -0.00534150211504731
-0.743999535664856 0.0785952946340389
-0.764582389915625 0.130864934824293
-0.747079380199134 0.144653161118952
-0.682667919130398 0.120006229425069
-0.560914373689853 0.0603381305755778
-0.42778504242289 0.00806547509262535
-0.330551332195995 -0.00737704273744721
-0.271168779637689 -0.00129574527932255
-0.240344868744492 0.0128415466646837
-0.225046598335847 0.0233546323532617
-0.200264898551989 0.0131349720527065
-0.154809027425398 -0.0245759305240227
-0.0987757866827313 -0.0704300765451268
-0.0537229408532139 -0.0866166438022868
-0.0498975270004048 -0.0486273279484307
-0.0574397246247208 -0.0298806184456722
-0.0675117843772226 -0.0533121743358999
-0.087634624919763 -0.0983035040823423
-0.121418458231524 -0.130617918658279
-0.153334547261169 -0.135787251287273
-0.166953763861325 -0.126976768374064
-0.174407555497625 -0.102556984815635
-0.188887454685229 -0.0650791482384951
-0.196594214334006 -0.0304488159279026
-0.181285852546904 -0.0149134092591087
-0.142611009607932 -0.0208829713753477
-0.0920973398708188 -0.0345254556389931
-0.032128204873998 -0.0539503202349858
0.0199477778684713 -0.0773919450606658
0.0539237399651082 -0.101218572094177
0.070244550665955 -0.12034649249441
0.0783337747307197 -0.130949514742148
0.0847198779316485 -0.135372146625233
0.0961552890551272 -0.140299813234919
0.0954656682693216 -0.129824824440489
0.0683654624722718 -0.0842788782401875
0.0353526066588466 -0.0342548593988561
0.015278861773205 -0.00371600039289834
0.00800464110975573 0.0114253687673793
0.022176076030824 0.0107068911858588
0.0560553930912745 -0.00340586906918877
0.0904360219599839 -0.0207555246183182
0.104015997543708 -0.0214067690947024
0.113140381087241 -0.00861008188088021
0.147565914983797 0.00398540340129043
0.209401712320336 0.00662601259874325
0.25616900899132 0.00866643509014165
0.275829748059876 0.00928672519257516
0.295622742041576 0.00423200911737381
0.32413686120944 -0.00638137873882758
0.358329792105362 -0.0239006749271893
0.397003209959676 -0.0470384277559716
0.432718646087378 -0.0669718086753885
0.447254638115651 -0.0681925208357343
0.444334770543513 -0.0578775694705749
0.438834613182158 -0.0499150522949388
0.435404719828435 -0.0484793712287605
0.430654516766714 -0.0547673958925615
0.421948574286346 -0.060446851942501
0.41989338545673 -0.0641248399981407
0.432452015722736 -0.0723506235050675
0.443146318206632 -0.0774944472365182
0.445071260105899 -0.0780098618309504
0.447663547203681 -0.0782699648777822
0.454852516205876 -0.077112856120933
0.454920293750737 -0.0690565088605825
0.453091433795682 -0.0633454724332084
0.456700361410952 -0.067747274851835
0.460502934225304 -0.0694060728669841
0.457163490496451 -0.0509554749406701
0.448628061169193 -0.0213160014568493
0.436983206863671 -0.00527194983825949
0.426325421540893 -0.0106241222898183
0.420477908960654 -0.0296166529064961
0.41024172620559 -0.0428379406285587
0.384237856978201 -0.0315149431404745
0.362660177746911 -0.0163672515617311
0.343951721081492 0.00412730568499791
0.324755807417994 0.0217360623132733
0.29722539607388 0.0218082995152301
0.261608731358233 0.0096485189010742
0.228175165773662 -0.00796458931275969
0.214078239171634 -0.0388419381493423
0.197776430720312 -0.0500436050647294
0.182428314334645 -0.0580935254296849
0.171945701881503 -0.0685472478615548
0.171535417497647 -0.0930991691777459
0.174876235481083 -0.106449125317524
0.154159614088851 -0.0775030961666257
0.131167834724019 -0.0365424961486165
0.0969666685179686 0.0199405381685813
