-0.619616021357091 0.0411683522325554
-0.498018268071694 0.0153523042604093
-0.409139775190352 0.00484067820386338
-0.343012616795362 -0.0109433632078119
-0.294604481803086 -0.0586414958837326
-0.252058617626993 -0.121926001757384
-0.231480685646137 -0.153150789135873
-0.230065348589135 -0.146834510984841
-0.221685513698617 -0.142061972343295
-0.182962598548591 -0.1738821545833
-0.183675626975443 -0.15105987276145
-0.185052903775018 -0.148208067615588
-0.184391327248601 -0.12001543052991
-0.197754160717773 -0.0947253778111879
-0.276764357359129 -0.0635103480949693
-0.341046058524497 -0.030188954780278
-0.342835125665552 -0.0304671785380187
-0.335636427764071 -0.0384316681324761
-0.302716525976683 -0.0668822826515835
-0.244770876666156 -0.120463173366823
-0.204210052917311 -0.155286361983097
-0.205189293784884 -0.131772755611137
-0.222487993528025 -0.0832960638542986
-0.249582789681608 -0.0321487533260054
-0.297587700629669 0.0306163610768582
-0.321674979283504 0.0706413666319241
-0.276723641628621 0.0625607326925864
-0.22665452373554 0.0348499875731395
-0.223330337418063 0.0207214826898491
-0.213503816709546 0.0100507713913741
-0.170738025197364 0.000931376951917996
-0.139345499394143 0.00266278166684806
-0.135311281539862 -0.00474326260754093
-0.129920665306639 -0.025448492185767
-0.116851639483631 -0.0511659691489544
-0.0958312855472069 -0.0783883295635283
-0.0695522627213256 -0.0972852449084327
-0.0480686023277047 -0.105983378238689
-0.0388075043541183 -0.108845087296271
-0.052002909877294 -0.0845757834079668
-0.0782477850090675 -0.0462888632353419
-0.0987702010856662 -0.0155539240907775
-0.106744815620044 -0.00602853535814192
-0.114888601696966 -0.0299211726601949
-0.138805206000043 -0.0835363292693564
-0.189532959833353 -0.103887974607957
-0.25123824821127 -0.0769758073157723
-0.315861124042864 -0.00378933881706112
-0.386427587330748 0.0918584514741938
-0.448340688065157 0.190086050270761
-0.526511790455679 0.318644652849734
-0.642035173565772 0.473839608978803
-0.771227137800294 0.591140304012911
-0.863032697420283 0.628243129647224
-0.879885787285683 0.570806546841613
-0.80988529180636 0.419309594824722
-0.693811143536178 0.209894431988875
-0.570566212504116 0.0130724028379561
-0.50791756965661 -0.0718061627645517
-0.515632473042765 -0.0685901599852004
-0.537511900940614 -0.0502317859906836
-0.574976944334549 0.0136493958195602
-0.605507919198083 0.0713532815265173
-0.618790073346775 0.0917694984694861
-0.604878606061418 0.0653992236748142
-0.558886868875401 0.0013654964265788
-0.503610596561303 -0.0602732679751685
-0.498066998636444 -0.0539802162555204
-0.534001420550682 -0.00829411411470547
-0.578510145403543 0.0272274997505031
-0.602472990857143 0.046297996274205
-0.549405686618015 0.0331011128900772
-0.46817988686365 0.0117052483768602
-0.422288254930846 0.00516527671601643
-0.395941636586073 -0.000603226468078831
-0.370592509955122 -0.00755984001284315
-0.327668401791623 -0.0182699556407709
-0.25348566183452 -0.0422989311615903
-0.170923599267229 -0.0721640780343086
-0.113513049793543 -0.0895588765629976
-0.0732961862245829 -0.098602290192204
-0.0351115765268959 -0.106937449058842
-0.0020575987510107 -0.117720534135996
0.0126759251531874 -0.122704467385803
0.0192493929234987 -0.128017172874193
0.0188773847307515 -0.126266712134123
0.0113846287127199 -0.109642313664616
-0.0146198679837694 -0.0611555228551851
-0.0452147030610146 -0.00627610326028223
-0.0662491081492115 0.0278435363645702
-0.08156844903618 0.0513280407928991
-0.107786698908538 0.0653822448863745
-0.13740229026265 0.056205002103192
-0.1433651231978 0.00916402281185106
-0.125780164731756 -0.0310421074665245
-0.11459889312142 -0.0430736844252274
-0.116204763335835 -0.0637791470135407
-0.128697563508371 -0.100610631642882
-0.150389736932882 -0.123644587426488
-0.1792821804858 -0.121895812426378
-0.210793509085617 -0.0958645044039973
-0.225792858167293 -0.0707075996402155
-0.210487057844451 -0.0625607939647298
-0.175379866745161 -0.0689619185682248
-0.137027374668193 -0.0812499030606742
-0.0970202272284733 -0.0971941400794594
-0.0592225353586386 -0.121187280832977
-0.0396809475007105 -0.138951820030171
-0.0419681090305512 -0.124994194792754
-0.0426908634469904 -0.105506571019419
-0.0293742322531241 -0.102282847828532
-0.0247908995993506 -0.0979982208688459
-0.0354024596023995 -0.0874501933008043
-0.0437810387985803 -0.0853415819611365
-0.0345198263247055 -0.0969296184961155
-0.0102020981892617 -0.107122981632775
0.00596183047373609 -0.093566750676021
0.0111931346287621 -0.0736264709288751
0.00562741102587467 -0.0623538070448366
-0.0126494376562815 -0.0572995345350099
-0.036331995836828 -0.0686563612470432
-0.0498416515037557 -0.0880033255640875
-0.0427834166323749 -0.106849395459882
-0.0394256597191715 -0.113151867495352
-0.0704378110402486 -0.0967704192605672
-0.10849849174144 -0.0858237149882647
-0.11926896934031 -0.0851022888431892
-0.11354591179793 -0.0800380015534841
-0.105361240355338 -0.0688859340587184
-0.0921371927060398 -0.0708717450672788
-0.0865967579963865 -0.0799008288894336
-0.089347556715167 -0.0886137416284868
-0.0861893153338717 -0.103850011583422
-0.0938916665847807 -0.0786380561950385
-0.147579162459513 0.0407176797961549
-0.225356463681241 0.19236025297261
-0.315691116006011 0.340750832090263
-0.428112688720678 0.482537747258829
-0.544070298423349 0.575640730179734
-0.646301091798824 0.58751709309687
-0.724622586560641 0.513609872103203
-0.746601579853571 0.3681781496065
-0.699536864155687 0.172172062322086
-0.609261892522115 -0.0283893086349183
-0.552810923879849 -0.12009156692271
-0.584162212396227 -0.0458674378724557
-0.619852190859418 0.0315903785154504
-0.631921027348459 0.0772338509880851
-0.606228168695418 0.0784201908947645
-0.555090777740356 0.0541179781106036
-0.495031564564771 0.0207226900664943
-0.422319438853052 -0.025604875891716
-0.350364208833011 -0.0734568739111349
-0.293796055544316 -0.116287358897568
-0.239160251873379 -0.148889302527563
-0.212369412821784 -0.149104013165016
-0.205453556843753 -0.138049315510085
-0.194199853991147 -0.135602251444091
-0.175861074139557 -0.145708797777254
-0.153613050173152 -0.160321440916773
-0.13770705338683 -0.16446692601404
-0.132432028240507 -0.160325777050914
-0.128476472452501 -0.157515182010004
-0.127519321675226 -0.150965229642731
-0.127411586438605 -0.150199677327355
-0.129033095252742 -0.151002192749241
-0.126979706197719 -0.150645159644188
-0.117847912502762 -0.155117194148831
-0.112239515561612 -0.159423358523127
-0.115663889645232 -0.157971255822588
-0.121035229655887 -0.156690147571797
-0.12572950637859 -0.153898244585167
-0.126800180082884 -0.150914324796645
-0.126696656116094 -0.140291035506014
-0.123254125705514 -0.126874043884831
-0.111322694590607 -0.125911715671103
-0.104743687009693 -0.117525687113853
-0.11519974268496 -0.107353841862068
-0.134378331234318 -0.120285764251942
-0.15062816474897 -0.135571591557243
-0.164672466655405 -0.134080715029392
-0.18146213891176 -0.138080523739824
-0.206526644690938 -0.136757789381422
-0.217978158950965 -0.126526389552786
-0.216272025759324 -0.116156473338348
-0.216535557845793 -0.105906754431595
-0.21915704920926 -0.0994604055878041
-0.222490333694482 -0.0996025172240272
-0.22585060832442 -0.102189635767304
-0.225645679772136 -0.106988958184
-0.219226231581175 -0.116995617210971
-0.211195077673234 -0.127309021776517
-0.20071357277407 -0.137023965658638
-0.194776505460292 -0.140661833255476
-0.200042009638734 -0.134461172174829
