-0.164803014472507 0.0398791070304571
-0.164807268975682 0.0409588748589386
-0.172248715502914 0.031999241457756
-0.181572549083137 -0.00161646918912369
-0.174407302800244 -0.0516752730784275
-0.168604310910323 -0.0798823253687552
-0.185852032332277 -0.0591317306641712
-0.209687923268998 -0.0207166109449493
-0.224007849467594 0.0128623293227325
-0.22270074601689 0.0413612218354476
-0.186665921188428 0.0495673167181565
-0.128283892103647 0.0338758299324913
-0.068913923516407 0.00178390250762028
-0.030423985488132 -0.0168877739464836
-0.0150933051225612 -0.0199482854918118
-0.00435417533060774 -0.0252949180483851
0.0144837808176116 -0.0332934982315261
0.043467838310356 -0.0325877569315892
0.0852280155439575 -0.0366961138673695
0.103331329350143 -0.0242450940651621
0.0884366319151549 -0.00294002081789602
0.0588722958838946 0.00624329312661485
0.0308707346244704 0.0097421482368859
0.00739987558669233 -0.00168435478554294
-0.0230043824724877 -0.0305331904710953
-0.0674379561411008 -0.0416424890826695
-0.112231980924651 -0.0311603330331188
-0.1325089523205 -0.0399487048175357
-0.133964932370648 -0.0650397158728342
-0.129833065655008 -0.0843563042003045
-0.14209281745425 -0.0878156650680497
-0.195801249000674 -0.0551616734547559
-0.249705983413688 -0.0407132359153761
-0.245719083518308 -0.084561105432368
-0.18712105942356 -0.157607330967858
-0.162544912510759 -0.141155613752515
-0.185217489594483 -0.0869622487937431
-0.213457949201054 -0.0659436871393011
-0.21849983061615 -0.0871508195762306
-0.222078946562493 -0.0904766023492148
-0.203949501325818 -0.10021326299502
-0.155950028672562 -0.131126312592189
-0.125941099920917 -0.137038088012452
-0.116287055951016 -0.128981342205323
-0.109898579149541 -0.127240157880553
-0.103431950769239 -0.134136513409585
-0.122644942508005 -0.117162158534876
-0.158411345438968 -0.078863941824125
-0.170025203632849 -0.0642895290283283
-0.164169612238715 -0.0693006378140703
-0.148410120128904 -0.0845202136724219
-0.114463500427961 -0.105438188198059
-0.0965439489884424 -0.0976832164416313
-0.0857325420723439 -0.0896578405324527
-0.0757299659482162 -0.0908459110948929
-0.0610165170945012 -0.0961082674975157
-0.0482695665347917 -0.0922297651196236
-0.0426867239373194 -0.0798849097510043
-0.046269191238556 -0.0605651962410156
-0.065868191952846 -0.0315925549874387
-0.0873108726082485 -0.00430689898788647
-0.0935748309201768 0.00350612694082344
-0.0850392507856633 -0.00996545318972625
-0.0518689019538897 -0.0573038951203617
-0.0310540514836297 -0.0825756004995536
-0.0632674318108119 -0.0346637228140888
-0.10756654072042 0.0293988408878602
-0.1329247602514 0.0653915816140621
-0.165757229368054 0.0644797704361544
-0.194835203690514 0.0385163695765494
-0.210420041403762 0.0185835766943964
-0.21654677989718 0.0163972801685974
-0.213279032584417 0.0240434303284216
-0.192966713340432 0.019610809859064
-0.165113382500808 -0.00138640396494258
-0.144098130856036 -0.0422971490682854
-0.143889383100774 -0.0829498283324104
-0.157103233951215 -0.10835163817041
-0.150924606844926 -0.130527694351414
-0.132704434298823 -0.146061994400798
-0.114411406624964 -0.145775865466439
-0.120906724495964 -0.109973136819925
-0.142652383121391 -0.0589259616870073
-0.170999523370555 -0.019007429211991
-0.199083188699395 0.0101609510999819
-0.225309288643506 0.036533680907402
-0.254830812534493 0.0724776528509342
-0.297421376853769 0.128913618181339
-0.349127534668512 0.192907336748385
-0.401034081337547 0.245029925421102
-0.448414667298432 0.269858029406884
-0.489373068684925 0.258686183299743
-0.525207392841534 0.216400892751093
-0.550688058282528 0.152719447524356
-0.55862289810281 0.0739082166319823
-0.547933005338313 -0.00716659340270311
-0.525647257785 -0.0712316489971157
-0.504105256159828 -0.114434442393643
-0.487789232486199 -0.143185004829218
-0.48100550075715 -0.153883518059479
-0.493034602075043 -0.130148720188967
-0.504629649881345 -0.107543181876309
-0.511334140516014 -0.0944583684219407
-0.510185226146624 -0.0915251638526436
-0.500058550947647 -0.0964390705440684
-0.477870448892218 -0.111355121510677
-0.449468382413241 -0.127207302523364
-0.424610174593638 -0.125178233140323
-0.399872957971285 -0.112320754635586
-0.371438444154895 -0.104249304398956
-0.357579439634403 -0.100614740484851
-0.359755768246066 -0.0977268146659904
-0.339813439100654 -0.114050689303294
-0.301095148935458 -0.139709314402721
-0.28270141316739 -0.141898083390863
-0.279019914172138 -0.128306128570065
-0.266406297194044 -0.124415688594584
-0.255143819051183 -0.127217013769398
-0.245027650792309 -0.130519246943354
-0.219358496820133 -0.141519340459737
-0.176631850140296 -0.159685804714761
-0.142655364446968 -0.171724622995536
-0.136102018432047 -0.162450963294776
-0.139644157616187 -0.149127809345358
-0.147466502601416 -0.136176600568582
-0.153476735070853 -0.127641276338811
-0.150340357578937 -0.127553125470178
-0.134763735848497 -0.13664188053437
-0.111842253834034 -0.147202296656287
-0.095457526464251 -0.153475790528193
-0.0909874572769748 -0.156109953075373
-0.0981495360036065 -0.152070117539997
-0.109310639450919 -0.14515152655081
-0.115606534149869 -0.143128238776159
-0.109476682803809 -0.155091415536025
-0.104378938063863 -0.166465433511985
-0.105563397916215 -0.159578671980992
-0.0994677362736236 -0.156696384215226
-0.0944757172406478 -0.165351773734703
-0.085853084227206 -0.170862992065309
-0.0790023321603978 -0.155971588968079
-0.0803627617569259 -0.137989590329005
-0.079535415623159 -0.133357424181471
-0.0793202406974918 -0.141395793007651
-0.0822282189715746 -0.154184164257482
-0.0912362042920291 -0.152367625545296
-0.10320500767387 -0.134703321560415
-0.112078033001948 -0.121034363184775
-0.114871139536633 -0.117825875042625
-0.125969104205046 -0.118948377918465
-0.135076466173591 -0.144831921190836
-0.143723468454443 -0.168814422002079
-0.176176780012947 -0.134138280203262
-0.19345399023534 -0.111681897284664
-0.19385341768622 -0.0996123572940299
-0.180826232972074 -0.102888141626308
-0.152249399704251 -0.121337536912046
-0.106362467706892 -0.143992219771231
-0.061889380341906 -0.163123367852085
-0.033751483962299 -0.176207483374632
-0.034292226857539 -0.156471208658868
-0.0431702250321511 -0.137250091880421
-0.0542934683334891 -0.123088971048648
-0.0640511952236582 -0.115806063039728
-0.070554360815779 -0.115889058851491
-0.0798529564416592 -0.122326191597817
-0.098381615127915 -0.117248285432826
-0.120776141064382 -0.102527662540911
-0.139431428421156 -0.0954309223492729
-0.141833980533192 -0.108991762158457
-0.13053313098586 -0.131372417610303
-0.156602042076058 -0.0943610750195476
-0.198267003804031 -0.0439355184510175
-0.209999705190566 -0.0347848145284276
-0.190115778862443 -0.0538722705650331
-0.162919095538915 -0.0950957097337409
-0.147420750913754 -0.139008222013096
-0.167638286152672 -0.114149988695713
-0.195487251402294 -0.0415771487106082
-0.22704250612928 0.0236581102637789
-0.242859279180523 0.0438155751648619
-0.229212144376958 0.0173441766736513
-0.190647732398756 -0.0407733800535953
-0.155599068402996 -0.0935004741209516
-0.149327371317881 -0.114637126235095
-0.173493688652488 -0.0958732464927031
-0.210833257134865 -0.0582243187679549
-0.253416222707299 -0.0058248156921546
-0.294768184397631 0.0323969803494772
-0.320916396611535 0.0259570844081217
-0.330680123569005 -0.0137561493794506
-0.343795465565918 -0.0504986271514517
-0.369407505763432 -0.0745382052263362
