0.0781727620790074 -0.023776652968805
0.0514495765060071 0.00410919884621404
0.0184015926102727 0.0573257381688938
-0.0010804676934272 0.103598521548207
0.00187165067823309 0.125131964682383
0.0286800804980266 0.120663285843194
0.0877628484658197 0.0936689332978321
0.16467553173102 0.055974351730324
0.236983577098502 0.0238275700344517
0.285861772130149 0.0173457317674616
0.309177977956309 0.0401439455418496
0.304482207534559 0.0856353905929572
0.289546264201369 0.120965805531225
0.2511260451555 0.174681427622205
0.232945534450807 0.199278421094849
0.238811876400251 0.197734810397294
0.247833839058002 0.180618324381065
0.248671956141199 0.162866384231879
0.260179248697833 0.156913612543188
0.248349135745679 0.20533454599733
0.171593790507639 0.335503845753078
0.0491815468410229 0.495024376360449
-0.0969787481675698 0.633625033289002
-0.26605457344089 0.750347371006597
-0.428206285080435 0.801044917430946
-0.581815959832143 0.805097927866263
-0.726479658138573 0.780482142384756
-0.830312564853451 0.749272766468895
-0.881061364008079 0.740814280572162
-0.879529674235599 0.751772733688792
-0.868931027876391 0.756631756240817
-0.854773704015444 0.742380372894155
-0.796727791732451 0.691437446861645
-0.694155993923955 0.595738043592968
-0.553696352198122 0.468019037928339
-0.38280594319531 0.31670697452282
-0.218380443005847 0.16076242293757
-0.101710104753585 0.0492995975254812
-0.0207136848534544 -0.0157477246201104
0.0360685532831965 -0.0527919408145054
0.0768317246465028 -0.0733608089895838
0.109195674462516 -0.0903720390782553
0.134391833048787 -0.100404252547726
0.147916771034837 -0.0950995967875346
0.148356266650386 -0.0796563295325125
0.141249261037829 -0.0694150607581797
0.133337677523277 -0.0707046806114552
0.134553093047717 -0.0890617381375036
0.147374896707173 -0.121434490603681
0.142341913264341 -0.119960557213321
0.126178929547223 -0.0982584080394164
0.115568821920971 -0.0843119215406349
0.115162278912442 -0.0811113356391573
0.122813006919012 -0.0873116803770689
0.129012338176716 -0.0937258094336901
0.126900639929699 -0.0927867358277652
0.127559005109233 -0.0891248414360929
0.131720048397222 -0.0919710989396668
0.127846177443991 -0.0957045027243326
0.107868889441474 -0.0939438074350636
0.0883251340674713 -0.0851961565266397
0.0800372677041094 -0.0761155769201986
0.0790526314745949 -0.0788900255532063
0.0829427055900713 -0.0936588023205207
0.0833719940855775 -0.100457418096279
0.0957512081074982 -0.105986877869865
0.123673092015687 -0.123551574730222
0.141621627244469 -0.134466524474841
0.131643636334279 -0.122199154971579
0.125197130895624 -0.1206317517263
0.128873068560345 -0.127066352432641
0.110580197600399 -0.0892950840783652
0.069072710717517 -0.0132674033866294
0.0265090373266405 0.0618384129306555
-0.00960752657262104 0.121744727906381
-0.0428417598703535 0.169415348577635
-0.0812178201540442 0.212677977831105
-0.122558254117692 0.248290263984496
-0.166064707999054 0.280885441257071
-0.214419697720416 0.328301474430101
-0.25819644542855 0.3903282326115
-0.269008563863788 0.450762476148254
-0.216720830530722 0.46847559800247
-0.0924965337942563 0.4179397461678
0.0700924299975443 0.302277479033515
0.229601009344573 0.151239560274973
0.346676482244766 0.0266540608110389
0.406751142338663 -0.0294039910697359
0.427461316784783 -0.0350544339721123
0.43342374375617 -0.0145273907741301
0.428610331446049 0.0236544371397152
0.425851834626208 0.0344570826945694
0.433089188989493 0.0110971291246185
0.442215810552712 -0.00473399919488932
0.43488425143604 0.00888523859867523
0.417599821851215 0.0347346941657064
0.417602431868391 0.042373235170797
0.439080790586503 0.0297813060282794
0.4714665589384 0.0110745886453993
0.493259307922072 0.0154809017777023
0.494842728844744 0.0383791076079789
0.475444743319523 0.0685612627335789
0.448841525252145 0.101908823845371
0.408154369270564 0.163544104576116
0.363229816640693 0.244064449048269
0.343346901147622 0.293139154038689
0.349636553543337 0.296598681905831
0.377486907873613 0.262423944328247
0.425222701408578 0.203518787674797
0.478259122314288 0.146920509663817
0.520082576348744 0.100234960140327
0.533623826012228 0.0786856251959389
0.517563616336196 0.0826739143640832
0.491214729902343 0.0901567771387101
0.463592528832554 0.0817417952664693
0.427529596593254 0.0514414548062938
0.373958635037202 0.0322352445206714
0.324856746726331 0.0269362086244903
0.301910455449393 0.0308873702195706
0.30361702491894 0.0366929727047975
0.308769984248335 0.0493553494406783
0.302934364593232 0.0818764626869235
0.314387382434299 0.109025107635017
0.360690654251199 0.117190511901441
0.426864907221241 0.10949600758056
0.495042867529092 0.0968701216557806
0.557463418707111 0.0937003463302041
0.605942386459022 0.108417696024262
0.651837110327151 0.109241692331431
0.697131078177636 0.0897502334448921
0.739006459653559 0.0573065753235234
0.767298498191985 0.0328593993149227
0.772777474710727 0.0323542971019117
0.766407725728803 0.0372904277420544
0.762172199882874 0.0367873287809408
0.760875141692449 0.0300508942022973
0.758815071408699 0.0111112607929496
0.758567667620714 -0.00832378327223942
0.771745755475547 -0.0157182202169062
0.775176574690889 0.00999320777102454
0.774454933602165 0.0320404039096395
0.769093814896667 0.0403818019150657
0.757835340179962 0.0415165460574252
0.740714687611418 0.0323658968825987
0.718514530898122 0.0262188018205251
0.694566838083648 0.0310960664138112
0.676649359939739 0.047079335349015
0.661648645629902 0.061843470785924
0.647740600218188 0.065055192173102
0.632413598495392 0.0425623887434158
0.61315081608899 -0.000536150499916385
0.574107204178591 -0.00996685186917387
0.511099342569051 0.0459874799943608
0.470000782487351 0.0929216762617764
0.468666925779319 0.117363200465998
0.513306631856683 0.113079278259221
0.591459277431037 0.0888998048772456
0.67755354418005 0.0569715735770584
0.753377403998532 0.0229928046167604
0.79557301245615 0.00885187114720096
0.797631632335247 0.0221330973497263
0.795784204081385 0.0238120670070907
0.796344643037703 0.0192374969231132
0.769086446999041 0.0651850834019159
0.729179674333308 0.132687631228876
0.697810960896705 0.185989020236679
0.680506974172313 0.199062134960179
0.665720058718159 0.155884966046169
0.638660938630862 0.0663700912071679
0.587285057526079 0.00242533937409678
0.507995701133 0.0259499809541125
0.468783326566968 0.0463408606616197
0.473046922155547 0.0597158811004973
0.504291160535902 0.0675359084646411
0.544820075162282 0.0652403366126424
0.582092486646418 0.0615259929012044
0.622245596984653 0.0542715473634405
0.661033458021657 0.0398364640117045
0.67991889035496 0.0301404719521245
0.683724246325643 0.0159258992525683
0.678916891715282 0.00404614584565244
0.6818573087761 -0.00567671998062675
0.68955862732031 -0.019108220584807
0.692238258984599 -0.0233956959297469
0.686324822790093 -0.00605622114565131
0.673117045399144 0.018568098456981
0.645865337143979 0.0630397247519788
0.618026835630986 0.118223557147073
0.597997611361194 0.165749551289537
0.583969308458931 0.194034755076209
0.57660414095178 0.19115592901264
0.579266620622499 0.15176435952737
0.551339958219875 0.133739489562537
0.504359747416795 0.129969382018089
0.50361632181992 0.126057854244025
0.553562356730007 0.117745101333989
