-0.480259269520378 0.153868271141075
-0.479116554260038 0.127655584903697
-0.489276194387329 0.0829480654915185
-0.488051468989069 0.0279024272703739
-0.470106112525812 -0.00438458174612533
-0.451411440380219 -0.0295522451447023
-0.432601917637373 -0.0613227353517039
-0.419514324600362 -0.0836497745519497
-0.42115048130252 -0.102406702654874
-0.419084071963544 -0.121427738171145
-0.395668945428326 -0.133911488098665
-0.385982169178556 -0.13574084443332
-0.369683717777698 -0.150749552624538
-0.360747551650122 -0.154421028350167
-0.356620922529437 -0.162124332122003
-0.374770757740513 -0.155724040200811
-0.376511414286358 -0.14575037732324
-0.344025236851084 -0.156980611191919
-0.315671923896213 -0.166040849826025
-0.34678538072519 -0.131354425883077
-0.360379371657874 -0.101523508531691
-0.335527661155826 -0.0908818489969968
-0.321770506540271 -0.0884000614244945
-0.322003384381239 -0.0729619255099284
-0.28483353817499 -0.0748408285242351
-0.23323834864213 -0.095023532890714
-0.165123679138206 -0.128800430258814
-0.122513361975659 -0.143633539051986
-0.0950187428598766 -0.146235052662803
-0.070343868919273 -0.156177640133759
-0.058536921588356 -0.166793200965106
-0.0650133746063346 -0.177174287541486
-0.0782075110717048 -0.170596381956991
-0.0830119987106075 -0.162680611083502
-0.0744010297143545 -0.162488472744155
-0.0766280955976372 -0.150567971086482
-0.0851560074131733 -0.141367286903808
-0.0820644200645186 -0.138627761374633
-0.0601367202817405 -0.148176312826085
-0.0560313501055765 -0.151517946288483
-0.0428330555405218 -0.153804562809271
-0.0339151405072571 -0.148948117842523
-0.0191981726630052 -0.156712065014158
-0.0142299661944756 -0.155351932336893
-0.011911160402612 -0.155532502588641
0.00179453557692839 -0.160432133865655
0.016663987310062 -0.160019335593222
0.0151577032681668 -0.15822395251522
0.013277452913038 -0.155978387903836
0.0105967382482275 -0.15600362725896
0.0129711262838984 -0.152114612246803
0.0134677165575368 -0.140245794616137
0.00582217547742315 -0.128943570979837
0.00627504337521733 -0.128303686834272
0.0267146600494893 -0.139393568308824
0.0444615774706057 -0.146482779985567
0.0498554601637792 -0.145211737997456
0.0520266692065238 -0.135985412109411
0.0479915950564222 -0.121430382967938
0.0514076627889587 -0.11413843167725
0.065710562423636 -0.121099016839976
0.0703328259185501 -0.12099532969822
0.0890892703300633 -0.133993817362967
0.108766489679732 -0.135573048949215
0.119949844560719 -0.132165353335255
0.121612908886327 -0.136667885597066
0.114818427289874 -0.1267616026636
0.109941039240503 -0.112182005410141
0.126439495569136 -0.123824164101519
0.130047484463521 -0.127137345319878
0.124019808312731 -0.119468702658699
0.109058450404441 -0.109879133774735
0.114766874052679 -0.11732379467641
0.132712077800533 -0.125923978313911
0.124668083068132 -0.112608463517966
0.104696507999071 -0.0866071121501127
0.101306796950789 -0.0770110488068105
0.101519520624408 -0.0650110218426751
0.101348636829207 -0.058159454431075
0.0848248388985323 -0.0648123218509652
0.0665428682561951 -0.0747188931724312
0.0570122784765232 -0.072875268131343
0.0511848655398486 -0.0651054020247702
0.0588974489928143 -0.0707738898009509
0.0623099820724934 -0.0800403104650575
0.0612948594474583 -0.0828900812592363
0.042703329423191 -0.0764972724956516
0.035049213056889 -0.0889626129382506
0.0373209937113664 -0.100790561297703
0.0318628434886372 -0.0978304036007445
0.0242269633340553 -0.0956104695340995
-0.0178089896854113 -0.0455184769239178
-0.0367806678088532 -0.02811959253942
-0.038704780622161 -0.0289001817093215
-0.0597088480770036 -0.0151962191545938
-0.0887153798215376 -0.0165422212461785
-0.0796724722015517 -0.0393129176647743
-0.0742540099556333 -0.0608737991308913
-0.0795021172533369 -0.0537110632164407
-0.0891599317369296 -0.0105228346762374
-0.0888167614162069 0.0378947354550721
-0.103207655053358 0.0414954547322467
-0.109250481318177 0.049717900611012
-0.121956527481513 0.0488835928901977
-0.163213202567192 0.0480521528088088
-0.204683346346662 0.0509372253502254
-0.231229962515532 0.085479743034119
-0.259928998286252 0.134240341785011
-0.284828345787978 0.150657122918166
-0.304406590900463 0.136551105235974
-0.338595586298136 0.149388664641813
-0.369881625890749 0.143718045932164
-0.387999888241171 0.112947154671695
-0.408811269806836 0.0965057312399288
