-0.276572393145146 -0.0755820118388862
-0.276920883827645 -0.0805512437911088
-0.269572802199572 -0.0873972939136807
-0.24594463327622 -0.109253293248808
-0.218979073991642 -0.132651734308398
-0.195931140157474 -0.156731725348862
-0.195378433535772 -0.159358106099443
-0.216389724070995 -0.135767975897755
-0.229443912268138 -0.120636554964861
-0.222546454010986 -0.130524878118822
-0.201715573124727 -0.160744031892003
-0.232955061845086 -0.125982093181435
-0.319802707108092 -0.0475769369946289
-0.393118774589816 0.0280219932579996
-0.402759885549298 0.0830281860972959
-0.366684538216372 0.138347723789793
-0.318561429436389 0.191780070382293
-0.279049944897433 0.238691984640851
-0.266679970047079 0.27678564763048
-0.265132626381868 0.273327197221421
-0.288239338388497 0.241042024183894
-0.343937550065016 0.211829766351984
-0.398681767215774 0.19231394598216
-0.416290859949055 0.183575659253158
-0.409366910920491 0.181086989424712
-0.392746247370515 0.169921580761156
-0.381940050486976 0.150977689450162
-0.385300479821366 0.134480098616353
-0.383955927830463 0.112758394051211
-0.381390425112794 0.0889759922317646
-0.39320353964496 0.0684419032719043
-0.416723944033554 0.0575019742152279
-0.425662112946267 0.0247206090037239
-0.410413759195451 -0.0484170789853549
-0.414095242816152 -0.10778072126722
-0.485120355561788 -0.0645320935300401
-0.586160411112691 0.0398857067878205
-0.622439054429302 0.0880353100147375
-0.568249683992489 0.0610505924437634
-0.420888957757006 -0.0233057763486261
-0.277171986155102 -0.104118156638797
-0.170924231492424 -0.162251094850325
-0.13656473802543 -0.162798814031463
-0.131758909457732 -0.157383333959323
-0.142669008264855 -0.127951102211205
-0.162969824091105 -0.079348662321183
-0.180634000975318 -0.0555654381806637
-0.188752599922126 -0.0572204728732191
-0.176727259657198 -0.0853509225417649
-0.1518726180018 -0.11954456846038
-0.11779383590617 -0.135403574226192
-0.108129276134579 -0.10057851547526
-0.119142699392481 -0.0515232291863385
-0.143248265319143 -0.00515130875539971
-0.168874294984672 0.0233087516545141
-0.192106452530276 0.029157513936636
-0.216658343000498 0.0261294185615165
-0.251510446841506 0.0186580705262856
-0.269735909349045 -0.00385361512444841
-0.259044859628827 -0.0244146163604561
-0.237111009064217 -0.0101229472652915
-0.270094913273844 0.0761751558052891
-0.357695850467856 0.234565185333685
-0.474246041873278 0.429824520397643
-0.569828390854727 0.570114428319337
-0.621457660783993 0.603480230154621
-0.636018416877863 0.542893112667873
-0.650370883365366 0.439664109752113
-0.683609407067994 0.350250660906844
-0.703772414661386 0.297341891948552
-0.675661461808493 0.257788133782223
-0.628657058472267 0.226784131457854
-0.603833369336043 0.22820859471789
-0.605725597311388 0.259606269057669
-0.593801941757693 0.25192286367752
-0.542590627772318 0.175314218951419
-0.468491233227915 0.0569026325914276
-0.468206101120699 0.0217625298512597
-0.53774634852278 0.0712401761202351
-0.625678415914643 0.148192214935146
-0.656768819889096 0.199988627629809
-0.630822183274159 0.200617458818037
-0.567186879420432 0.133190619878759
-0.496583480891682 0.0280306773120642
-0.477911344072884 0.000555239005208207
-0.490072276847556 -0.016566292631484
-0.499235472443709 -0.0618173163530269
-0.49241737385869 -0.124991072773362
-0.487026583737898 -0.163826502625933
-0.516270299939143 -0.143102728186598
-0.522489551762778 -0.135985854357428
-0.494800864383312 -0.162534326554228
-0.456953783385741 -0.196991120995777
-0.442789420601946 -0.193764413159839
-0.459468044914833 -0.146244990293288
-0.467305626553452 -0.128707553319491
-0.477196570308695 -0.126659997466407
-0.493332970259062 -0.137243564343188
-0.520764938968974 -0.139520661347664
-0.573221647370985 -0.0842460883802088
-0.621657282374183 -0.00887622748067165
-0.66488875180956 0.0654249291851611
-0.687755336588583 0.124903942171005
-0.668867772448932 0.148349608822455
-0.598459731233765 0.13034351856748
-0.478108239494902 0.0823081475218872
-0.342995483641353 0.0288464672701873
-0.231770950318219 -0.00843820063594938
-0.153514699986113 -0.0312714264162995
-0.116066290325934 -0.0387745021343238
-0.0999660781659973 -0.0414839189990545
-0.0929182770827408 -0.0445794837401374
-0.096496639218889 -0.0362140829539619
-0.11858838100266 -0.0032945893764533
-0.131580233092222 0.0308822108604009
-0.124782038814207 0.0521597488354651
-0.0936210644022228 0.0578535735692539
-0.0299265395253929 0.0404270914406174
0.0694495613723539 0.000537879709166241
0.175477059966852 -0.0407852056963085
0.269432933244976 -0.0737608908691545
0.33015045526867 -0.0911009909560387
0.349422852329253 -0.0820616564138462
0.348663087233702 -0.0767216876431343
0.342209043014648 -0.0821514252601579
0.336049159224311 -0.0897154333577435
0.332331034632095 -0.0934196598327642
0.328298664202973 -0.0940321128268137
0.315705608027652 -0.0834749483700327
0.296569943995234 -0.0610713410876895
0.291039373526252 -0.0560232896862109
0.290098551190657 -0.0580893058253571
0.268982526567765 -0.0283439133071106
0.254585607381059 -0.0126454621700538
0.242626528576777 0.00503892039073889
0.223768831943949 0.0191035987545836
0.193312263007297 0.00458465436601777
0.160204258382192 -0.0261947009954821
0.141791679680851 -0.0349764487995648
0.133719508453307 -0.0353857960662745
0.121255717341382 -0.0566742170323035
0.111731233034392 -0.0848718834447895
0.107531366707966 -0.104139186727297
0.104182460379422 -0.114720669931518
0.0986959807063855 -0.118494164749803
0.0889379134756829 -0.113574740152433
0.0761775838719903 -0.1000660964348
0.0656157170687055 -0.0877755029054523
0.0616702237433159 -0.0837817964383057
0.0641746300176175 -0.0863435439560767
0.0721644544937454 -0.0928674161842483
0.0821843787783067 -0.104143006812645
0.093341572713836 -0.11198197656079
0.0959655661859831 -0.118823134811776
0.0903369802707823 -0.13204574276293
0.082331381752893 -0.142161737033644
0.0759412416726705 -0.138225010595023
0.071411910667845 -0.132193887722437
0.0711940487187595 -0.132932353831991
0.0738269611163846 -0.136260909069067
0.0701081192715883 -0.130910502185576
0.0610844156176616 -0.119248656933307
0.0503174658695008 -0.110798201109436
0.0384356947812118 -0.1006269644431
0.0418048712883248 -0.092036399496052
0.059258069292686 -0.0881851034492086
0.0696149767116808 -0.0885251257672716
0.0614488037163929 -0.0914243856757295
0.0531030388249731 -0.100654340868636
0.0506301099526477 -0.113514147374033
0.0524947007219402 -0.121513502251911
0.0615657357010295 -0.126007550871697
0.0714647257735209 -0.125582671345363
0.0747919781161279 -0.126068891504054
0.0731872950438006 -0.125686298421137
0.0690188835289749 -0.125331354096408
0.0670000015446808 -0.135241902339974
0.0662966715487604 -0.146073225408148
0.0503812400070721 -0.12385284901961
0.0370213183512043 -0.0997742117231008
0.021580681847458 -0.0737485336141997
0.00403492963800756 -0.0444414133811353
-0.00202310697966263 -0.0197991175847416
0.0109570091561937 -0.00616242827371122
0.0376618065710465 -0.00290587830840339
0.0734875132080561 -0.008634815958962
0.127070774242023 -0.0279046168085108
0.185306135391698 -0.0516306498440542
0.232116402426966 -0.0689262011079127
0.264231590979349 -0.078618280499965
0.273171032101938 -0.0635812585400281
0.266583524532221 -0.0405896773508006
0.256937257905607 -0.0302515658746563
0.241867311802039 -0.0345340128413264
0.218055027713731 -0.0570963932489484
0.187189761832371 -0.0718016385390256
