0.236174547610013 0.157849180787809
0.324306287805822 0.152330874597042
0.379281002568346 0.138287546748101
0.359862260769897 0.174008994999557
0.316861967340055 0.178613833767068
0.268725249024229 0.161959487345417
0.222270631870293 0.126013147806485
0.179771537196332 0.082134432984176
0.129383444178388 0.0601001919799322
0.052374247703946 0.102411972031465
-0.0310492225696518 0.1800191642163
-0.116609618383173 0.278207624197082
-0.20971170390238 0.388029307943939
-0.303912579841658 0.484965443865761
-0.407652493898198 0.549554424757976
-0.515174781875068 0.583748605422423
-0.610625450961492 0.586102055208633
-0.679626658038929 0.555682648110201
-0.716056563105469 0.488005069614761
-0.714384787508135 0.381866618627986
-0.679474500841763 0.245753003163309
-0.618772256023405 0.09979285415231
-0.538840652572481 -0.0459892073150722
-0.463049032880803 -0.164905118550563
-0.445090112159312 -0.176269247785408
-0.449333961692742 -0.153259124063394
-0.430358047135422 -0.175312549333103
-0.416756510861819 -0.194007705316976
-0.414302614865356 -0.1939622654704
-0.426729638117078 -0.176449723910714
-0.448951392703382 -0.147889851636632
-0.466950203612915 -0.119460102754261
-0.468040056976766 -0.101222671564433
-0.462834540319118 -0.0851022558207123
-0.435897375787282 -0.0769541716364741
-0.38016581781677 -0.083319273785564
-0.315816207172637 -0.0984643296059266
-0.271020043629826 -0.105924767268171
-0.238326046956465 -0.11074552281365
-0.212861697113017 -0.114106403697959
-0.186043611697172 -0.119167180769351
-0.160866262146851 -0.130914226079542
-0.144998435159623 -0.145915657628587
-0.141690751019581 -0.144564520066659
-0.129483154728819 -0.145396220032734
-0.115774856684092 -0.150646683554256
-0.106175358393513 -0.158650284303755
-0.101864437581296 -0.162320025282986
-0.106145114851937 -0.150233785095152
-0.111871677469243 -0.132584174882908
-0.117158652901765 -0.118735025369092
-0.118937563398225 -0.113525942221098
-0.113190062099662 -0.124321187923116
-0.105493258654869 -0.141715483496096
-0.100787021123264 -0.151022621878867
-0.10084704935006 -0.148374371637487
-0.102411500708456 -0.146422374324942
-0.107512126627387 -0.138878600057905
-0.120688958112953 -0.122004357529647
-0.130352889573997 -0.117236054095215
-0.136431235021765 -0.120201557320808
-0.127086909620841 -0.129387944665836
-0.0999751395090565 -0.147674133754461
-0.0757659846519577 -0.161644621174859
-0.0730179279629197 -0.151410789059392
-0.0727905162971861 -0.137845957069892
-0.0711003715515226 -0.131349465479211
-0.0762377089083213 -0.123173839314336
-0.0807849865901554 -0.110530161530098
-0.0740791846949231 -0.0996007619571488
-0.0654533556756555 -0.0904082366415629
-0.0600621187257457 -0.0827674052717635
-0.0489947443944066 -0.0801300148735541
-0.0394647256811527 -0.0788036504805154
-0.0512091851379707 -0.0604115306271581
-0.0793099664445172 -0.0332821766981076
-0.102779595121623 -0.00901715753504655
-0.112906795141003 0.00744846619580204
-0.11413573632293 0.0238545721872625
-0.157143591602959 0.0915755817605488
-0.224903038852691 0.182685853146994
-0.310078757797994 0.278615265128165
-0.409728002896579 0.373920464371548
-0.519619886532256 0.46748190514043
-0.625454847625956 0.551620641426312
-0.719708795019987 0.614630491674496
-0.799316910528512 0.652397231397607
-0.8676986335971 0.660301572815655
-0.932671023766506 0.649374396482932
-0.98280870381373 0.617315944661409
-1.00059842658253 0.554602309355953
-0.974811836200523 0.442219036106981
-0.901368727216782 0.28425333029522
-0.797417907615482 0.107890323775322
-0.681340207710878 -0.0381632960400807
-0.606942594013763 -0.119274320778387
-0.592043192933875 -0.122917656619853
-0.612142476415 -0.0900805246839268
-0.638309143502002 -0.0495169750506559
-0.653776251356682 -0.0116579498324104
-0.650564027762956 0.0149961746950065
-0.623916951126547 0.0194150198432895
-0.574990620690011 0.00639821823356919
-0.514997270820238 -0.0121413568668457
-0.450249989737971 -0.0320233607944134
-0.375024963249587 -0.061783722793198
-0.299300387373089 -0.0972673539538772
-0.246868565676293 -0.109107461134463
-0.214197293227687 -0.107147173483917
-0.18881757976527 -0.112479351166237
-0.165406350905083 -0.130908705749243
-0.146469562567421 -0.152176102421788
-0.138491715141924 -0.158837249362346
-0.139936061220858 -0.14773509465013
-0.148540975115065 -0.120042308217964
-0.153737814600415 -0.0954313140997139
-0.151437101531249 -0.0867587433973381
-0.14229557367859 -0.0937263092931577
-0.130126459872851 -0.104317643280122
-0.115713771657656 -0.111437280273791
-0.0975912242800997 -0.11468101743665
-0.0818354508355178 -0.110039116916719
-0.0671018288652896 -0.10476344032173
-0.0525123695968517 -0.104268419464558
-0.0382700171228619 -0.108846805906504
-0.0131029891983962 -0.122976293045324
0.0183549898212542 -0.13230197931914
0.0265628143092012 -0.105773249149051
0.0207964312048349 -0.0734210470479014
0.0104609960443951 -0.0460238820626009
0.00435737063077829 -0.0264977493587715
0.00464391095419178 -0.0197761074359847
0.000650859458854947 -0.0170231262956279
-0.00503233769542321 -0.0187857022764385
-0.00426476041190685 -0.028172452556859
0.00188632870689213 -0.0413393142035835
-0.000851738420199185 -0.0434391698421102
-0.0198967979050989 -0.0268766653664927
-0.0450563606045291 -0.00933572868147255
-0.056378579857084 -0.00907860120070858
-0.0518967303761142 -0.0275788586444022
-0.0415628737823115 -0.0519383916860176
-0.058377734656484 -0.041680248622458
-0.0993545167998744 0.00726736935398688
-0.135145759750299 0.0556161941476122
-0.145393568194512 0.0806263808073228
-0.134213848134383 0.0850453054345743
-0.115211798879309 0.0832671397137115
-0.100660819377629 0.0805616170687655
-0.0895609838427373 0.0739786094608536
-0.0768131030223283 0.0675936990891953
-0.0521330792008724 0.0587419552607689
-0.0180250259673628 0.0406546904528926
0.0216034401544903 0.0145785701024495
0.0525548203862207 0.000317645982288081
0.0824588677273939 -0.0050497199475547
0.108499106104804 -0.00108437942520438
0.123835291286205 0.00753364873122124
0.12598272694055 0.0113439954412229
0.121819433574574 0.00449074839704012
0.0923276278599834 0.0348768388543019
0.0892640062997108 0.0479955736620552
0.121825383610988 0.0469217460636748
0.163811042741741 0.0517660067949046
0.177934257991726 0.0773916503954028
0.170211219301866 0.0926451383064856
0.143087945538251 0.0914076745593377
0.0770151778431256 0.118136801911506
-0.0418934636079605 0.224632306059456
-0.187975168196494 0.410372795338465
-0.341730745498856 0.630367370429873
-0.467360762695454 0.788483151414324
-0.548791263906116 0.816841966491272
-0.586418212052911 0.706351742099626
-0.596317634303621 0.510598205255988
-0.578310522164928 0.307338109852231
-0.533674061419089 0.167806645385669
-0.461693385172921 0.0601610104414255
-0.386783601561853 -0.044220523664392
-0.371851815056584 -0.0714107039726464
-0.435720877523266 0.014255042295788
-0.498272531970437 0.103943039309656
-0.511090203646403 0.150357570320369
-0.456905730172223 0.125572446285397
-0.378276738246739 0.0399870035702865
-0.329556888986511 -0.0478128309266041
-0.312553493128038 -0.126052101626603
-0.33537583328326 -0.14811529835836
-0.3527936036615 -0.156696963974386
-0.358251867449875 -0.156154988008114
-0.376273102778476 -0.129897319722831
-0.396454485717809 -0.100863578734009
-0.394404699655357 -0.0850061248415153
-0.381115550323567 -0.0726606867503521
-0.370671070824844 -0.0548245787928196
-0.361476873240131 -0.0241519259205652
