-0.0233182462783955 -0.153313913091764
-0.0216156870657856 -0.157907204344722
-0.0238137668736404 -0.149078450737741
-0.0117085633464046 -0.14799435519914
-0.00432029688402312 -0.148485728339016
-0.00297507046005006 -0.159374630783608
-0.00200279427861951 -0.161299387380582
-0.000323638973439342 -0.152705085413498
-0.00835221917410294 -0.137362588084019
-0.0296777900272173 -0.114344195972181
-0.0570352829498585 -0.0853200726848458
-0.0794033992007263 -0.0584529396321299
-0.0866530534192401 -0.0467091535214915
-0.0805305918479255 -0.0611686457057051
-0.0715830321754247 -0.0816228338401586
-0.0789228493834421 -0.0733804225356978
-0.106803467464787 -0.0317731058839501
-0.148337911412362 0.0386917615185094
-0.186451744499234 0.105099259579204
-0.240795886580107 0.166028597780051
-0.306483945094788 0.208117223006942
-0.340129505861413 0.194483918567984
-0.330645938493221 0.113253661694965
-0.283021704227761 0.0180620691533178
-0.226930979510599 -0.0500249867211872
-0.197782650366225 -0.0877541596844733
-0.219158945915623 -0.0826391227186493
-0.266415943782482 -0.062224798564796
-0.327140497773854 -0.035158181627951
-0.343347511039671 -0.0147043625560661
-0.293469529722191 -0.0250735830099183
-0.201774645648865 -0.0689680829998507
-0.127445310466007 -0.11622453594551
-0.0973554296746684 -0.133884090610375
-0.0866110410989156 -0.134218441274766
-0.0741974201953959 -0.1341626395575
-0.0711100004152444 -0.128311654378949
-0.0776072561142296 -0.115402749941964
-0.0777474862283763 -0.108717290606187
-0.0594966672285823 -0.115017204056236
-0.0519401740714273 -0.106848530030671
-0.065424204935052 -0.0660274884215163
-0.0973479728092374 0.00867078390615374
-0.148097907861418 0.107271683266277
-0.210763175583055 0.212969789071288
-0.266334808938326 0.300134448225579
-0.296948481041136 0.349808417496482
-0.303173309817218 0.361887249859658
-0.286686224929233 0.336587654291285
-0.252823842017265 0.278982612408915
-0.235513063576403 0.241153359392099
-0.247987929572496 0.242247991807312
-0.292843082097739 0.285964020058213
-0.379202926348326 0.388922179349882
-0.519099010480037 0.574908555142342
-0.666397530656105 0.776577906369563
-0.785414355125782 0.932505730162552
-0.855061787189802 1
-0.873260321836649 0.96952507332702
-0.840925410597361 0.845258983553944
-0.764914786928802 0.660548766125515
-0.667963751157438 0.471345453831549
-0.554010741341726 0.345526341819586
-0.431907802858926 0.297428298848273
-0.308143038793321 0.288086642580353
-0.191654433573278 0.301915753536197
-0.0709653710390185 0.314110875151707
0.072955914585533 0.300682077858827
0.229588364864441 0.251319360014449
0.373015415945722 0.182776676571159
0.487370920725318 0.115675072006764
0.558178565821418 0.0686011822555882
0.589546027591419 0.0489746214339512
0.599368670041704 0.045709574900298
0.632651193166226 0.0356438517858781
0.682781230481988 0.0127528277015867
0.686962556200093 0.026731302276858
0.679099865302582 0.0509302142355428
0.692810785464901 0.0474581570187766
0.695171541128452 0.0511936346562217
0.692226325616856 0.059911501725714
0.692944851154766 0.0499508493446321
0.712556151920615 0.00682614213182507
0.712614507458922 0.028081357286804
0.688412403968701 0.0879799295333381
0.673574299254331 0.114280733228579
0.68276644048882 0.10982090285668
0.697412141544109 0.0755869076947433
0.711142276479402 0.0445089618634861
0.740067424119844 0.0241428035847989
0.764338010358436 0.0211177944671664
0.766099446331293 0.028184224723475
0.768825187567379 0.033328696244928
0.764915023293437 0.0403219738990026
0.753661105963053 0.0425479561551835
0.763181038280704 0.0376328907945805
0.767093770953606 0.0550008036426856
0.781774731279214 0.0758717678593497
0.764723311611687 0.108293860877394
0.710442496918956 0.155284503107634
0.643027600209676 0.221278044038539
0.666756392110729 0.232077679387361
0.664710254836778 0.233770027814225
0.676826085451309 0.217694975581973
0.748927710374007 0.180235813515805
0.836171683105409 0.132789696947637
0.89300614384091 0.10317722893524
0.884068041057208 0.126932331937202
0.860427737641731 0.139811028868961
0.839993705654056 0.135571389321781
0.826119936445718 0.107857186312815
0.818900706959538 0.0531345453134586
0.76518250686842 0.0710674972366311
0.713858290457228 0.116037011761443
0.684721827714912 0.146536640513775
0.701901944569552 0.153925959092691
0.758267577188076 0.135370253949735
0.806890527622274 0.11429235490845
0.851292985361056 0.0900652891985182
0.879729568608906 0.0676614054437351
0.876797517833326 0.0660321116108927
0.868475107166121 0.0792875800593776
0.874095082193797 0.0767152487886395
0.88642771079168 0.07638594503208
0.893004052538339 0.094222641193104
0.890198359387355 0.108140939282468
0.881117264480895 0.0917927379597163
0.844690519032262 0.124109065729222
0.841220762385331 0.139474891733854
0.859434483556829 0.1132484517103
0.836990707896471 0.111508575143623
0.777956683159954 0.0903940873280528
0.695090049622787 0.079998501478946
0.662041102256979 0.101525508057303
0.67728389752179 0.113112339348919
0.670298560463277 0.114404194271292
0.674298562729697 0.11203738183544
0.679702049296894 0.110753421160181
0.674852280378037 0.112113660027316
0.650811000107801 0.121947674722595
0.610548134289979 0.132033875439552
0.570776586627 0.129611984072247
0.538580364848571 0.116859175049052
0.509921601016035 0.100964323078129
0.482302290755528 0.0768737507021355
0.442360371330078 0.0606154845561508
0.378385848162295 0.0753098880650521
0.32474004806375 0.0829831677730884
0.295765253732021 0.0855911031870905
0.28757025586355 0.104542531821881
0.316577520840513 0.123228624271635
0.406477984554465 0.098804904582955
0.505908312991622 0.0604376346198904
0.527457853548315 0.109999446407751
0.515091215312928 0.186443525749409
0.526307438833302 0.226817918306721
0.551339300386937 0.222810226701182
0.570208297984703 0.152927595433405
0.577048457057522 0.0511546064105119
0.521930432087672 0.0659839844550732
0.489172836373218 0.0832184180688177
0.49836176059355 0.0842172632357389
0.528816278039216 0.079752198214937
0.548533217213586 0.0781454188504323
0.570777390253681 0.0861912071418469
0.606260613406668 0.10398132546267
0.652907658726249 0.113810552246999
0.708334075864339 0.104160546795303
0.731346909128693 0.0939780283109663
0.709156086849807 0.115166540577537
0.690945959159297 0.152725072117491
0.706353258705791 0.188917510115209
0.73621718118164 0.228010145199457
0.767379663386382 0.270560042600433
0.791176371648591 0.304652674370809
0.793682602710888 0.318631340223586
0.768895339401322 0.314167089551302
0.758759769206607 0.31334327197528
0.739397402062693 0.315578235438648
0.718624566882584 0.300801592878704
0.692351285571742 0.280239358905326
0.647676829644702 0.281609621745409
0.583072893929912 0.315892594872577
0.530731155812371 0.354501944655282
0.544544083697955 0.353153928836296
0.628945491744439 0.316702643055289
0.728874994196539 0.304829522183807
0.798377131962041 0.330480141730136
0.841489945969106 0.332522312863908
0.877656828548906 0.283413286485089
0.910779348053606 0.198735104143816
0.919378645449364 0.177793059386985
0.856150803644436 0.283413477289395
0.830439583626503 0.348702544963574
0.89243857052488 0.351659206666549
1 0.292826794718417
