-0.218100906599293 -0.12829621808858
-0.240702510162009 -0.122885695838897
-0.291466790592583 -0.0608252773704086
-0.337224972310084 0.00555489899587838
-0.368131174182033 0.0533901405893914
-0.339322659454688 0.0559024318885329
-0.269045205105743 0.0259263640042295
-0.191001545523673 -0.016364053449667
-0.112872327029382 -0.0569540254827795
-0.0504948394498266 -0.0822561650778726
-0.0245232166868247 -0.0940980991725446
-0.0247854738531142 -0.0967798573390155
-0.0451487060920001 -0.0862779626584498
-0.0768900352452248 -0.067261738778637
-0.108105885774804 -0.0371315222139667
-0.104715119550483 -0.0174695631198878
-0.060915867573085 -0.0171890571843152
-0.0220249034562164 -0.0218758872167501
-0.000500928846531858 -0.0270360771259166
0.0126580040685042 -0.0248482699039149
0.0294755584840548 -0.0224291326332123
0.0626598290432669 -0.041911341898461
0.099254835041281 -0.0683999194324674
0.115910444584089 -0.0678604155514124
0.120305292844202 -0.0544645189661638
0.128637581630584 -0.0505184825981126
0.143427968769818 -0.0576755891567777
0.159524584166628 -0.0726931401867746
0.174320687688001 -0.0881519952194039
0.185140683134131 -0.0962802491285345
0.188121982890329 -0.0876424619389227
0.18545495455061 -0.0729257966900253
0.182975706856429 -0.0637759629673934
0.185370622161285 -0.0639259213605578
0.198750580752886 -0.0708230387403236
0.222235010956044 -0.0779436110236382
0.245929602947793 -0.0829707386129101
0.262135688427515 -0.0872873872966357
0.268624736368911 -0.0876898714273749
0.263086966196555 -0.0717433795420491
0.257914648847051 -0.0542156698015505
0.260662139213101 -0.0520284045312265
0.281000321817432 -0.0708599752482111
0.301351467375788 -0.0715591903609471
0.287073825119215 -0.0026185747312178
0.246927515699967 0.099267136345514
0.181477020951465 0.207379998108784
0.101279662094914 0.302690916801755
0.0286753242753253 0.364117028547778
-0.0220825229160453 0.392014910707034
-0.0407791199667543 0.380227493915003
-0.0464884958880242 0.329389660579695
-0.0652592491397737 0.264073821037532
-0.100133065808393 0.206989283481312
-0.1446213059053 0.159576514975191
-0.189251678116791 0.135848500162212
-0.220139771074209 0.127364067003899
-0.229893032486191 0.112230199467174
-0.214531678624593 0.0800263775005761
-0.190133455930379 0.0466136154041367
-0.170350917120217 0.035889513502843
-0.171648299702911 0.0811281419586921
-0.211040719255261 0.193212922092781
-0.283928446863716 0.3065561326748
-0.372807329353605 0.38156350905376
-0.423552435970343 0.4094027121711
-0.428581244147901 0.374301418162517
-0.405359142889015 0.287279022612285
-0.391324302077101 0.201587717122265
-0.382275502348134 0.14836931417786
-0.351002501680751 0.131361565261894
-0.30676303129825 0.139666844004626
-0.273768882465764 0.157971229792403
-0.27951109020731 0.197446689328175
-0.32999941407352 0.264841837041602
-0.401815472316006 0.339210952868891
-0.45903891786061 0.388247905847189
-0.492284603448643 0.394694709402022
-0.516787404146999 0.381259477109853
-0.552526799712213 0.373897432019111
-0.581100041679925 0.367032124333606
-0.566945112119093 0.347478956880824
-0.479367731464548 0.276537161934783
-0.368511157671333 0.159401181524881
-0.313143994226005 0.0310699349698794
-0.321268041229952 -0.0866399452698957
-0.357063855483407 -0.169612219038013
-0.393819108406695 -0.190151062635078
-0.399679357421929 -0.187178020419014
-0.396903021847898 -0.161341341704909
-0.413258165469014 -0.106418931089645
-0.439726432043042 -0.058152705221287
-0.463050633797306 -0.0464575775480989
-0.467161400777196 -0.0808626091346578
-0.453744210395267 -0.144737511001606
-0.434305729421532 -0.210088686826138
-0.458062257046642 -0.188708376365668
-0.496525246001261 -0.136795301721989
-0.540034374776054 -0.0749707755297923
-0.581195257066239 -0.00626148741584065
-0.62411710104377 0.0798528274691035
-0.674775901821216 0.173726271862213
-0.705726409844283 0.250052797873105
-0.680489258790704 0.28562826704367
-0.582477333623438 0.277671508634105
-0.440239796287921 0.248449743465495
-0.307141565270422 0.230434525752133
-0.194863801287379 0.207746875482623
-0.115894834712293 0.161538588952745
-0.0903733286356336 0.121236695220763
-0.103653842327702 0.121128051005684
-0.11052315251741 0.118775413602718
-0.0820816846642233 0.0757693260272116
-0.0344208859621431 0.0171251358013822
0.0191272446673974 -0.0151669053576907
0.0549370337571885 0.00718897856465254
0.0702625676945391 0.0312364375478548
0.0696439050022165 0.0257225756553625
0.0659387425900399 -0.00139311144428938
0.0696198803091372 -0.0354660388544478
0.0856802144833531 -0.0671949786480538
0.108868604580711 -0.0864435301627659
0.125020990514527 -0.0890043556276091
0.132562879860467 -0.0846873635792887
0.136266545734262 -0.0803077912119621
0.151861635279368 -0.0803888261797517
0.179440206912373 -0.0839914092924626
0.206010887944556 -0.088111662861974
0.223971405165351 -0.0929811326760738
0.244012132133844 -0.102066719654958
0.257276720711585 -0.0925593796017737
0.265371380839941 -0.0675128979873807
0.276934386895219 -0.0600459340450208
0.278692218554897 -0.0664072076924431
0.255624763258539 -0.0698248071480604
0.217673697075392 -0.0496639394811753
0.20076042303765 -0.0392371387396686
0.191984595004057 -0.00708173367116354
0.156664151314923 0.0542052834834643
0.0889337990452872 0.1300074005835
0.0157872670372841 0.204462595321722
-0.0430614415904073 0.256683363188952
-0.0997158666644226 0.272540884393505
-0.166566155852901 0.260079276790903
-0.238447501711134 0.225951577962743
-0.297394187345398 0.166378245127908
-0.340557401522134 0.0939258391278247
-0.367019174452013 0.00731438992715521
-0.38275320067917 -0.0849663303170438
-0.393481726498426 -0.164398075923026
-0.417285973706897 -0.191689769527972
-0.441722561902718 -0.183222145664906
-0.462773816453783 -0.151449318120976
-0.480417229770205 -0.109356952579687
-0.505564027500177 -0.0531018869432783
-0.533510171124176 0.0070974275779936
-0.540221933244716 0.0412964892084924
-0.514159879809853 0.0398790098194243
-0.45269264967777 0.0128875605470021
-0.348395808032906 -0.028981551130437
-0.239229020783686 -0.0515851064806353
-0.181047517336688 -0.0256304286301606
-0.169689987030386 0.0123977238436766
-0.16434570346457 0.0295500723559498
-0.140771779978618 0.0213328239874405
-0.0731080009986289 -0.018891727840078
0.0380382497346243 -0.086038462712183
0.0969438883214382 -0.0769243122450382
0.127498395331152 -0.072677931135591
0.130552195647405 -0.057979140621125
0.102919833040549 -0.0217837254821427
0.0603235277979079 0.021653129545756
0.0329915382002291 0.0559403727959545
0.0388662259533282 0.0701484483902282
0.0505870383643038 0.0722335024401947
0.0421015282079783 0.065231259067
0.0287193114769972 0.0455966598401337
0.0200020296910362 0.0255645331293058
0.0232076231213794 0.0266089960263598
0.0141112904124237 0.0577701487609541
-0.022250833318996 0.092757717263787
-0.075957296138785 0.124563872897439
-0.11363080939058 0.13540812059019
-0.119048647572968 0.11880532735082
-0.119944894870614 0.107662222185457
-0.155749269876321 0.15376500552456
-0.210094967261466 0.233188567528746
-0.263945413303348 0.323405176815378
-0.319874730812254 0.408415030673349
-0.349534345729715 0.447726890363377
-0.375603816729928 0.460991825512482
-0.4221838220649 0.474972953377517
-0.450461479150006 0.440778158028292
-0.464670712664956 0.35662080075502
-0.476775710523642 0.258567401303095
-0.511660656703435 0.203836396395505
