-0.0355420970944818 -0.118907860061876
-0.0392588250044493 -0.123944345992104
-0.0426648166117565 -0.12718009007468
-0.0444255217257487 -0.130840226762365
-0.0457279394965633 -0.133500077853256
-0.0508497514600368 -0.132728263137561
-0.0572672649834836 -0.130273086647698
-0.0687439164686165 -0.116924941757467
-0.0740456265149001 -0.110808929273276
-0.0752444791116741 -0.113967136140483
-0.0729783590428832 -0.129042556352675
-0.0697630798007504 -0.149457529770791
-0.0690534699847402 -0.162316593556514
-0.0674755158196745 -0.165526511222823
-0.0629014229889803 -0.167894458272095
-0.0630336940566911 -0.166215030298704
-0.0655977254463633 -0.161385343789803
-0.0748179413760917 -0.144249747575326
-0.0819152335948687 -0.125762135908275
-0.0847716629738477 -0.108883327702143
-0.0915040276367799 -0.0832224197155521
-0.101471501334408 -0.0501358057498235
-0.103584007790407 -0.0291504415781233
-0.0974238260045537 -0.0204369686943822
-0.0863922010006333 -0.021783740481265
-0.0706560415314161 -0.0354673923431391
-0.0476821977254383 -0.0657659900465883
-0.0238200107869284 -0.0985371963252761
0.00233727071997961 -0.129955883342578
0.0305633476847662 -0.159814681637988
0.0372411976818281 -0.151433005846514
0.032444070708512 -0.135048155312357
0.0285439117482435 -0.125574109633239
0.0286492740798659 -0.124549914390782
0.0343612312102929 -0.129805627015017
0.0436174566575017 -0.137693739486991
0.0578258013371573 -0.15126308627262
0.0509546167077973 -0.128834239024105
0.0376032154732873 -0.101458172435984
0.0345019938764922 -0.0923285749418258
0.0329868822052653 -0.0926250607522501
0.0319362708411369 -0.113666958990992
0.0182098453103459 -0.136992034428989
-0.00384705695630694 -0.134207036265504
-0.0214683406156684 -0.113304178462215
-0.0392707995339172 -0.0850407211734023
-0.0553355336626969 -0.0669432267234686
-0.0632559669990136 -0.0550741248031805
-0.0704701695459153 -0.0388707973793938
-0.0688462711482988 -0.0329997221265199
-0.0702235334669852 -0.0453368451746859
-0.0805574663249641 -0.0830006064227873
-0.0968617857864299 -0.128296827908524
-0.115710945703993 -0.146436661419007
-0.1274110583499 -0.141673027305831
-0.13114060237851 -0.133035460952583
-0.129914443952189 -0.132166517947321
-0.130074683925875 -0.135580465625901
-0.139236491981182 -0.134376909666209
-0.152226517167195 -0.136881861486729
-0.164406394431363 -0.134349991906155
-0.172806503115871 -0.120508578123453
-0.176428263304737 -0.102982057593407
-0.184370575838611 -0.0812524908027085
-0.203303852181952 -0.0545257397298419
-0.222204200041124 -0.0377973800297902
-0.23242863123522 -0.0382778803315461
-0.237548128188031 -0.0518260601344209
-0.244787793443503 -0.0691862111387884
-0.240900461641975 -0.0956943452304975
-0.223636415123514 -0.128471150047606
-0.210687626838561 -0.142168736451886
-0.205256218402382 -0.134061830732176
-0.198474744694412 -0.124315901490018
-0.199109549645831 -0.122943030010602
-0.211204615386023 -0.117973847560789
-0.234420530196262 -0.103864345046684
-0.262353024890396 -0.0870660807927765
-0.286095675121528 -0.0705655794190754
-0.301728601693389 -0.0630911855155772
-0.311167155035717 -0.0771782191021695
-0.314898446143367 -0.104559697380026
-0.313639310820998 -0.137791966185711
-0.312101377174771 -0.176267548135307
-0.316636403350909 -0.198820883760822
-0.325868111919062 -0.192693192531352
-0.333027848739228 -0.17814136970893
-0.336955431242781 -0.168763352107754
-0.343715373734931 -0.154412738870623
-0.359143662599986 -0.135924124854174
-0.378863580526087 -0.12740841442153
-0.390278676875129 -0.138070282199129
-0.386876142014902 -0.169653821847823
-0.377182111874189 -0.203651903001179
-0.371414190849954 -0.222910310515269
-0.37332442624367 -0.223673830635715
-0.378497950597064 -0.217103138132761
-0.383965725500652 -0.213314712090946
-0.386535394061874 -0.212997725426142
-0.380854098398119 -0.220181353138282
-0.374508819916766 -0.228297647152355
-0.38157844292125 -0.21661768925344
-0.391218802798468 -0.199013627151846
-0.398309634199291 -0.185358394682982
-0.402420274677214 -0.178417341621403
-0.409916848435071 -0.161886053868186
-0.412280872049185 -0.13453593996075
-0.404972902036854 -0.115152642058617
-0.397656140811422 -0.109620991105552
-0.387536063658226 -0.115845574033272
-0.359037606468571 -0.126360855777015
-0.321227578845824 -0.124168468634735
-0.304298984469402 -0.0987408097714157
-0.299725227022332 -0.083085527902338
-0.286284502641697 -0.092007466947252
-0.274495751042838 -0.108614757533698
-0.271718925978973 -0.117376302259491
-0.263221557360876 -0.124338150135848
-0.238711685465707 -0.139210025726745
-0.22015102634519 -0.15099865027905
-0.208032541710616 -0.151585969641044
-0.192920000580884 -0.149147450581826
-0.177232110097938 -0.148545307076716
-0.170629456383995 -0.146544146447011
-0.16206319967967 -0.145765332106774
-0.14027655251919 -0.150701079510054
-0.115958400266268 -0.16083544122321
-0.103897026615688 -0.169987827761419
-0.100409802783011 -0.173896087852157
-0.0943285083684162 -0.174017728924645
-0.0792983742069994 -0.181215792362928
-0.0658030219229967 -0.189994928167167
-0.0694286010021642 -0.176292530930189
-0.0719778418815137 -0.168625752695703
-0.0716920756625848 -0.167409925384378
-0.0702072193173433 -0.16933791002068
-0.0746918634813112 -0.169161631872568
-0.0857252859376336 -0.165098284832481
-0.0955563163814031 -0.15263658590081
-0.107884211622233 -0.134610806076496
-0.120614909494281 -0.117988178422105
-0.128844569466233 -0.111367545989046
-0.128525762355327 -0.119382182561698
-0.128624300597191 -0.140308791127604
-0.129513379365855 -0.16396047580611
-0.129150309748824 -0.175123071136144
-0.121293525265249 -0.178544425514236
-0.113293137173573 -0.179752352769242
-0.110899988898467 -0.185400259422873
-0.126040098603272 -0.173452975862296
-0.156658399287179 -0.143248997654189
-0.180454769390804 -0.117729563534317
-0.189302407343422 -0.103352283462461
-0.185784089418601 -0.0980845456125462
-0.1674616277437 -0.10406367937806
-0.139833516714447 -0.122303352256176
-0.121146969922897 -0.132260143922957
-0.117085560410635 -0.130236211888868
-0.119251680189067 -0.128100758912427
-0.125618036334688 -0.12343002515315
-0.128447868464714 -0.109461762965808
-0.125034777548694 -0.095050340535404
-0.116648010075528 -0.100500525147876
-0.107417395637533 -0.125882514112577
-0.0981137636297059 -0.147162940238605
-0.107104443461881 -0.126225509904324
-0.118278141327896 -0.0956869431759319
-0.123381089155199 -0.0728628400861117
-0.133330127191652 -0.0453460203107432
-0.151168111214587 -0.0239755911655007
-0.176847441677632 -0.00633680484726911
-0.209070572262045 0.0196526986747873
-0.244718794207864 0.0402702287154499
-0.260341490606901 0.0319152493486052
-0.249477393877641 -0.00290917183941577
-0.234703499750501 -0.0464411630543706
-0.223003820349011 -0.0875197517436694
-0.221399744566323 -0.10788828263467
-0.227461388079559 -0.10229292289578
-0.230389148306442 -0.0821575018770526
-0.229088301852264 -0.0672586810118744
-0.227205739628583 -0.0697455798193397
-0.216604200782082 -0.0919737433928475
-0.204232562706597 -0.102662524114832
-0.195030328120676 -0.0989203248454616
-0.192839673037807 -0.0879452334603604
-0.20084796131225 -0.0772394807317433
-0.215054693572721 -0.077111253249087
-0.222246445689177 -0.089817023898048
-0.212558624061002 -0.122748617655931
-0.204962394809901 -0.150309625970083
-0.213864573834551 -0.146047789318355
-0.227206046339608 -0.128917643074222
-0.237199521837493 -0.11775638943745
-0.245079859115835 -0.105673284291978
-0.238656339273327 -0.11318795672271
