-0.212566862205361 0.137588388593454
-0.106164285632904 0.0823417888935789
-0.0372989818714671 0.047875845000342
-0.00268258103432052 0.0311634217210266
0.0162810126202425 0.00219096986893809
0.0198553323757152 -0.0290098218696256
0.00817899941837338 -0.0447233484429815
-0.0187109577917173 -0.0566785562360453
-0.0596345581076047 -0.0356946484181901
-0.0739156874769817 -0.0101042474929215
-0.0466001691984516 -0.0098147610654363
-0.00807102740246259 -0.0238770352476037
0.0159941927716097 -0.0220304881323475
0.0249884302351564 -0.0051480076293361
0.0392587885082484 -0.00252222297253569
0.0545221600963534 -0.0160762205633356
0.045529286819007 -0.00885127961414847
0.00996205606712143 0.0238125814296806
-0.0565394012346576 0.0857663712918818
-0.122843520507368 0.143552706732276
-0.179931163237138 0.197808339290325
-0.241749256687195 0.255322364907104
-0.301180442438405 0.296708897830192
-0.350506621396045 0.315629700178744
-0.377885208405036 0.311696576959465
-0.382831448777429 0.280893178738908
-0.370752709684561 0.228228355622239
-0.362557499607832 0.177880634116567
-0.335150688096762 0.105832393532768
-0.294801210681808 0.030327528540721
-0.260785844592986 -0.0139545289377407
-0.252538484525885 -0.00596513432186757
-0.247480992026394 0.0187210748162411
-0.252304954464111 0.0530724797319771
-0.253929591432469 0.0995588473239072
-0.253959133237979 0.162294326743153
-0.277191198769495 0.25060095137413
-0.344824305609928 0.37569622059814
-0.456347644590513 0.531575388861314
-0.572906184560226 0.670737042641711
-0.657035990716254 0.746982765106928
-0.68516914221553 0.729438124298586
-0.650578998625426 0.621737523714858
-0.575618877344045 0.460747040031122
-0.496980838472203 0.311168240617422
-0.437898053498143 0.211254981741968
-0.417372026935727 0.186306756349563
-0.43028581338825 0.225796926483148
-0.47191505580825 0.294678317468033
-0.503921624897405 0.324516635209208
-0.50362997858186 0.311210803288003
-0.481561362232502 0.259636512537942
-0.485486076060082 0.211972796189589
-0.529352409719758 0.188316062312423
-0.572887882505379 0.188981272746417
-0.569453766365379 0.182622336270558
-0.496744655912697 0.144360700211043
-0.389960481841047 0.0839958380707971
-0.288096333779059 0.0229866518125679
-0.198937954850112 -0.0295302534058145
-0.116530331138505 -0.071646790392588
-0.0579870202609022 -0.0946010620598344
-0.0454609881889423 -0.0866962836440646
-0.0464253249143857 -0.068871750864006
-0.0427609286238891 -0.0515833745900531
-0.0435987300527432 -0.0225162025129208
-0.0380354526728236 0.00714347189544186
-0.032992002453679 0.0431380366748837
-0.048077509551648 0.0930099686622705
-0.100675926842109 0.15467387252237
-0.182402954365631 0.218421280598013
-0.271969471921602 0.287692836190213
-0.363733591733075 0.368579179536668
-0.450206504021052 0.440027284391369
-0.526766394606333 0.479312469056312
-0.592721655950199 0.481232893912461
-0.619158642143868 0.470435133489363
-0.598315786201732 0.469600192976775
-0.539475174211006 0.45317804146556
-0.465757414310464 0.37615614320572
-0.397170376293334 0.256417642909493
-0.368203521159668 0.139604575713008
-0.399996928068979 0.0503270304457549
-0.46084205138721 -0.00938172677403186
-0.492280139567597 -0.052798864981396
-0.482915044144175 -0.0921640080611231
-0.46447393870271 -0.110235864823196
-0.452692378258877 -0.107547104225745
-0.452340095594082 -0.0871332911651606
-0.441044999231202 -0.0770968780246642
-0.410502761141605 -0.0916443222391577
-0.36778836908882 -0.118812151209477
-0.33771348311745 -0.11306433733915
-0.350487351176163 -0.0354381568148591
-0.3708777768251 0.0353017120940681
-0.38881453550338 0.0581544405508093
-0.406584651804835 0.0209623518197338
-0.424690821691338 -0.0671956324129605
-0.437391046975783 -0.1582984880579
-0.446324108767235 -0.195746273831378
-0.475857210140055 -0.14781630294867
-0.515358505147799 -0.0688144778934626
-0.560404698561344 0.0115596893234955
-0.601962825187408 0.0746344041455848
-0.607440764221659 0.0998917529424142
-0.530252138078228 0.0740753551761275
-0.40246682389187 0.0169420232238859
-0.274751383127321 -0.0373730861393087
-0.179648850795979 -0.0739589585904568
-0.130645197304163 -0.0835303569293987
-0.119481326363923 -0.0781245676470434
-0.120639836823787 -0.0772063939688294
-0.0900255514010595 -0.0928059037129813
-0.0341344109727433 -0.124633714196385
0.0206252248090826 -0.15392902810016
0.0337938559874035 -0.127894843357697
0.036725751710111 -0.105760367391793
0.0329545998879933 -0.0936385377790485
0.0122167606078518 -0.077515286243856
-0.0142437508449593 -0.0707015212675228
-0.0275204599906684 -0.0775483692589546
-0.0248080256210044 -0.0839126772469661
-0.0146401886899386 -0.0821099895471589
-0.000907814041555555 -0.0891168101845272
0.0146634639510441 -0.104215776497532
0.0243963836863766 -0.115119069966148
0.0271186875910011 -0.120065885383971
0.0256226755656395 -0.121615374088195
0.0242598343523135 -0.121180461002933
0.0222714003501116 -0.117043501420472
0.00439307436891722 -0.087063753659115
-0.0257479020281755 -0.0370995488972254
-0.0561027723055688 0.016768157037935
-0.0734375624019118 0.0501586768522286
-0.0747544389879503 0.0537896374360679
-0.058183202899835 0.0332691672259186
-0.0316732925346037 0.000462697375648106
-0.00284519811300509 -0.0424138989892993
0.0207142186308159 -0.0810700723079918
0.0343014475562394 -0.105227895496468
0.0230207747416347 -0.090564325168502
0.0106128232287039 -0.0691905298115625
0.0131794254326999 -0.065474182981502
0.0223831672033964 -0.0640447047151544
0.0218725224517706 -0.0257433258059136
-0.00603004468274878 0.0598464358174745
-0.0488828766137319 0.149782702681431
-0.0942054900970972 0.227742674449168
-0.119318348101454 0.28259339798256
-0.108830786602993 0.30577990823261
-0.0536500461297241 0.297105735323101
0.0352068142084073 0.263665738689933
0.143170468657321 0.210182364966703
0.255212970771686 0.147901097505326
0.364694866758212 0.0918520533311331
0.459269346081337 0.0548023555823258
0.526697197041525 0.0460943378188996
0.556830118747394 0.0732667704589598
0.563165092985739 0.111042990359943
0.556751925624002 0.143594904952108
0.544078540673299 0.172132569467338
0.52907097963286 0.206860196430497
0.502212201891118 0.260698232122995
0.476196032481168 0.320252386100509
0.458660499423801 0.350584891487577
0.45476482322015 0.328442856483258
0.455248191431282 0.251192749173768
0.464870486055455 0.163966664671446
0.482053775886206 0.0836451085461583
0.49884609529856 0.0244315322200773
0.497747771116834 0.0147555292064112
0.483109424930338 0.0287906863226937
0.457317945480876 0.0603917394846687
0.439062236988342 0.0934068686569832
0.447894767187469 0.117173231362241
0.472060849424849 0.141125563857882
0.511993175279157 0.157147293510074
0.567834475018896 0.15659729927328
0.616246664729235 0.156910486117309
0.644951093462384 0.165691772249198
0.666338906815006 0.167952574686417
0.682262289796755 0.159804719071828
0.61811114344028 0.232760642963422
0.505458318945887 0.306954973859832
0.388564593502493 0.36134696517177
0.295284621761401 0.407550576183128
0.20311748654859 0.433870536807722
0.0780673942964866 0.433798434217925
-0.0834602695029152 0.449039567865753
-0.24321319515454 0.466728541244634
-0.345479506001641 0.441397146001876
-0.38017844013394 0.36745723240395
-0.384532150642829 0.271016441054657
-0.388928359068589 0.177368798948741
-0.390685684143771 0.098088302156784
-0.397407147701351 0.0583199614077673
