0.858145057821903 0.0202590010733864
0.860276516827 0.0278853282969206
0.871889432138483 0.0342552139677786
0.884984804926639 0.0448050533953235
0.891852300662188 0.0551653287182961
0.899286330652209 0.0557105283271598
0.907697249464135 0.0521686645252652
0.910482114362735 0.046002082058005
0.908048862495467 0.030822773104163
0.901615187712733 0.0166720852987868
0.894357938766063 0.0113306181259285
0.888303274811034 0.00115109604916894
0.882861395332382 0.00221927239587826
0.882062258387426 0.00711068581312975
0.883662931561412 0.0109374452927994
0.887723635491187 0.00962337972071426
0.893785548874687 0.00452707453599194
0.901735398533629 -0.00342064201291832
0.909494129595667 -0.0106119462358427
0.90437304042783 0.00208301764101551
0.896348006485436 0.0169985949609849
0.891318119721248 0.0256261828780261
0.887812763436169 0.0303090688108771
0.889857039191946 0.0225598276735888
0.88701902414781 0.0172917241098662
0.883482103332924 0.0148821666723893
0.882276552250108 0.0166517154531945
0.888584286482364 0.0142634992390734
0.897052692530825 0.0170311696826976
0.895094954521725 0.0293578120539617
0.881114229960258 0.0379287798523425
0.864796251588302 0.0452230383868155
0.847246739563453 0.0459649252428085
0.835988563156651 0.0434884434264481
0.832429890289692 0.0318322082686297
0.833463448134784 0.0214083750309768
0.837204871194164 0.00920277489092024
0.828165482025541 0.0138669220716323
0.815944149741821 0.026396400263905
0.809573609900179 0.0372025771608631
0.806339345817108 0.0415551813496182
0.810191386036946 0.0422253624069894
0.813943924517932 0.0542546674819736
0.81070587467184 0.0773388284181993
0.79693515346064 0.0956832406705795
0.77059970822009 0.114822084036839
0.723648793793419 0.152885656988263
0.661229213357489 0.195082536529918
0.587403159979325 0.227379458423255
0.509643898004663 0.26199103312926
0.415276472424878 0.329089259030774
0.29406714749809 0.38755318973404
0.170157394187303 0.412090968122523
0.066049983597536 0.39798325612974
-0.0172882020747948 0.343841105715883
-0.127901564988189 0.281029794771093
-0.300572725674766 0.306487081767258
-0.481431163991647 0.400136525659093
-0.633743429101776 0.536713433919054
-0.723810746557402 0.678537758570495
-0.744929339066959 0.764169117123539
-0.744200045632013 0.78109247669134
-0.738159687439424 0.754799825604343
-0.677298780286265 0.678610565998638
-0.563028325495724 0.563973920900548
-0.393285647028681 0.450786313021954
-0.193817997039649 0.354635901081341
-0.0267043988522817 0.283024930453721
0.0834775047930218 0.238929783604528
0.151598072811653 0.203629577916673
0.174663525906321 0.190151233638909
0.176405157224233 0.182158567200337
0.204786782506082 0.132298481295293
0.271160159607144 0.0586086066595998
0.360258177151636 0.00988567568697591
0.426522753824868 0.0265781742638158
0.435313047271645 0.0836394407989122
0.428972119734875 0.0948617819720957
0.422882037098008 0.0738009334796672
0.407140665358879 0.100835964389365
0.387795624037745 0.120189654032275
0.361444351868967 0.100437656951511
0.359911699303686 0.0658810740736874
0.397971978897308 0.0306856540580696
0.421443387923118 0.00585674919806949
0.416546528417224 0.00816291771352654
0.395069788021987 0.0378376538065663
0.393119303497846 0.0540677315130892
0.407277192489459 0.0370830867690297
0.418956055798822 0.031409762538836
0.423076685963926 0.0171712016977834
0.404895885952033 -0.00522958352048174
0.369406254048438 0.0140776756641596
0.356115257648743 0.0325354915748688
0.370468887042464 0.0396698502244999
0.386819041493267 0.0323577594048896
0.40187831016593 -0.00537343222707662
0.410121512362918 -0.0327796501157837
0.433530004170897 -0.0337065051411228
0.45031123311083 -0.0324735724175344
0.456557755260089 -0.0417848507634984
0.458606471506358 -0.0507920169569959
0.455158854043386 -0.053574510026708
0.453757492221858 -0.0643134852672282
0.456992389344735 -0.0625950592499201
0.459247941024552 -0.0531041189434938
0.454270357123741 -0.0371818714524421
0.446199636692471 -0.0248385480682551
0.442973654013669 -0.0322744027057678
0.450074211536465 -0.0485146696789487
0.449636575083323 -0.0583170014436634
0.419721718685956 -0.0248494525495849
0.397736679193083 0.00907294899253483
0.376170104677183 0.0382833144491856
0.376761904397246 0.0519903112018656
0.409257102978945 0.0552007814329383
0.442528840966602 0.0588339674658076
0.474825882200446 0.0602109505710504
0.513992236994943 0.0578242695095756
0.543533966845001 0.0436133627887174
0.566191010457912 0.0150567226704244
0.561663200502692 0.0217521315941722
0.534689319061334 0.0648829578862737
0.512551432253001 0.116882596195405
0.508714093947588 0.159578696647875
0.517746177097117 0.172468714907299
0.536630269330958 0.149920387249464
0.543461610347925 0.0933306136617671
0.524921479261283 0.0279108602659581
0.498857887763321 -0.0193751756547752
0.475339704705854 -0.0280780925560359
0.439778816775477 0.0145925680220917
0.417504277885222 0.0518061104953202
0.402148753647315 0.0703665473441101
0.397080548382434 0.0791986813594559
0.434679219267183 0.0544939179259943
0.523356313951283 0.00609839765273466
0.564554404624956 0.0126661075864643
0.568861498990909 0.0328088357225499
0.582033142276105 0.0340987298412744
0.63273176095787 -0.00450872061088558
0.65017683216351 -0.00608765298600712
0.646826026689243 0.0138914996778794
0.670825807742476 0.0111401018122233
0.69037979419024 0.00641201861475004
0.683847187529006 0.0140212035126119
0.689702714764267 0.0158993107096207
0.703636017081496 0.00151878963279137
0.708416880626999 -0.0194331373944521
0.687781067250053 -0.0111118883749435
0.666418492907212 0.00247225709380162
0.665108419608539 0.00441700205814693
0.685710345137284 -0.0108752471875359
0.702790110011236 -0.0199697386736021
0.703398794518431 -0.0117010368811987
0.703413743960101 -0.00423438165405257
0.704284352691287 -0.00449884943100461
0.700047706898066 -0.0152686421220182
0.68424906494441 -0.00869430778635771
0.668144679722096 0.0220849749534382
0.671227055543111 0.0341917358525576
0.674928406612714 0.0458949420177072
0.658488163698043 0.0663938055563096
0.617184603573003 0.0614429467753366
0.582727187593363 0.0483268854115536
0.579438985697772 0.0436741227539593
0.588170917234738 0.0325254051479715
0.579314419569035 -0.00049024971820905
0.535242977963258 0.00350941630427128
0.482477180445036 0.0476033032307295
0.45849302409776 0.0694471621902698
0.460160672421579 0.0747813899980283
0.479495995332478 0.0763722251721023
0.515808715196474 0.0588971403158572
0.546352629781334 0.0510410703664597
0.555674125793069 0.0405836044161496
0.539493960130421 0.019058514208494
0.512029002088339 0.0106157582517181
0.490019964235675 0.0246641185185397
0.452301042281216 0.0718479414105742
0.396198830040696 0.160456716372536
