0.415355064676396 0.0186068485223826
0.442032060293653 -0.0354013535127338
0.460806533033598 -0.0740865290892176
0.429743344418882 -0.0268316795928643
0.40552522026276 0.0129890554302866
0.393154556946742 0.0303642064045473
0.38684126390701 0.0359446131807229
0.389701276054422 0.0246840248241359
0.40005856171864 0.00222708766445432
0.412636381197998 -0.0236778087758392
0.406652404879802 -0.0225761355312731
0.38216747862382 0.00275595484678666
0.340996853971729 0.0416257536531536
0.30609612155475 0.0809794028917478
0.314126100097652 0.0903201348661084
0.369221558234292 0.0627221788737972
0.429847143585864 0.0255974900621355
0.474272744038281 0.00431030933610159
0.499976040037394 0.00111273026493219
0.512011937410449 0.00191465655144567
0.512040967431515 -0.00314576395101385
0.508381229245209 -0.00957210340987391
0.501378245433066 0.00397121210906096
0.50778115504412 0.0132272958614027
0.518203086517811 0.0192550169599
0.51170000508906 0.0456637016176419
0.507882601054413 0.0771678390116224
0.541534673555976 0.0739118721634354
0.580453042941949 0.0665273883079032
0.59673958904579 0.0587181075028283
0.601138379503417 0.0506853941736692
0.601121575506213 0.0483578605394946
0.605674745118991 0.0462010246104757
0.615297995335055 0.0296274315115024
0.623681587198725 0.00118581522917861
0.618013092019326 -0.0210663176008714
0.602149928988883 -0.0264668818757262
0.587190668171274 -0.0185811529500284
0.584058119649202 -0.012811086276953
0.591353443958711 -0.0132361325050808
0.595895114818859 -0.0074864868720051
0.595881047197613 0.00124340741942144
0.60122084034248 0.000424701949868678
0.603441823857895 0.00178114444438741
0.590885280234335 0.0257840716364711
0.570631557825285 0.0719266593450152
0.55207673673078 0.119594071084367
0.54590441148828 0.149308314792564
0.57409958273554 0.160190644024885
0.624901568576649 0.13917732382014
0.651330811824327 0.0929014834179116
0.649973407194973 0.0459514150782903
0.653378396089211 0.00127548395352425
0.6340347212724 0.00204595269101516
0.614939281366464 0.0355096565179214
0.619736419360712 0.0624591214280446
0.635106966394245 0.074816832189901
0.652307875072471 0.0736790619362187
0.671543321779847 0.0646623823119818
0.689719138181624 0.0485572857895365
0.698885902973353 0.0294423056191718
0.691898214033086 0.021677213548959
0.675827840491692 0.0346775819229986
0.671617551497018 0.0383979532750265
0.681858046079278 0.0231986897588742
0.684666297967243 0.0203292082849615
0.678402138842464 0.0355251604694562
0.665868123078915 0.0584672243835604
0.651671302753142 0.0850396849531771
0.627483160937694 0.130928911085794
0.586537212162519 0.194656114268243
0.517447198271046 0.286834746101653
0.42173855921214 0.391893769822616
0.316249516852791 0.486844408280205
0.217206938805835 0.531184930956157
0.125246271621341 0.501430467164708
0.0289426647207242 0.393239855443908
-0.0724842451523324 0.23483992505048
-0.166068015158729 0.0778540702075125
-0.232225470798872 -0.0415727143017994
-0.268238832883694 -0.110703051836457
-0.29479946329269 -0.124180476847881
-0.310940520904838 -0.120253570543459
-0.317530802437083 -0.127893406716155
-0.316819402916337 -0.153658960999924
-0.318207770045351 -0.172643488989369
-0.328867998831285 -0.168997972584457
-0.339450405581351 -0.160725673396466
-0.360500077166534 -0.139846384407712
-0.389546612537212 -0.114101890280192
-0.421074844097049 -0.0858850872080099
-0.434168481592605 -0.0751841900811435
-0.421696229302945 -0.0895291923961333
-0.420405152989714 -0.103458178492086
-0.464621204012602 -0.0759521232274023
-0.492547584239746 -0.075217530962654
-0.493561540881979 -0.0917996064037563
-0.469483968705484 -0.12064335662425
-0.434135530356536 -0.152545147712448
-0.38977873504193 -0.188125681050384
-0.361251540999822 -0.192505644780167
-0.35589089514472 -0.173099218068496
-0.359479782928735 -0.157051013175165
-0.369796233600701 -0.132880734625039
-0.384151921446285 -0.106939140323526
-0.39928034722878 -0.085137093770888
-0.398095858921369 -0.0738468518261206
-0.373121464163485 -0.0772250518043689
-0.339028039150128 -0.0862400248232928
-0.306618113509818 -0.0949903026237993
-0.281764534809021 -0.0985451645250871
-0.265108641348353 -0.0995358983278587
-0.25966304310736 -0.0984739398021056
-0.249419722920618 -0.109363388307304
-0.217836612632498 -0.137573939829569
-0.211119077659752 -0.0928356672498714
-0.240984787422689 0.0388380067683509
-0.312648131569446 0.21132083697198
-0.417036905612487 0.378906856610866
-0.521291385269712 0.491824341869588
-0.582890270147997 0.511181478472225
-0.599904962434556 0.433126356120793
-0.58718268539529 0.288792704975018
-0.558152426824753 0.125279620416123
-0.523570448527422 -0.00417652752833573
-0.489908674234514 -0.0707814091145216
-0.469931178878795 -0.0864391229786925
-0.455256696474959 -0.0896462944347461
-0.430547916892693 -0.127613228892473
-0.425511410600881 -0.181168640259068
-0.475260888668107 -0.157540823140629
-0.526049044746455 -0.122707033613909
-0.556425107267971 -0.103041622737666
-0.536503846865988 -0.104798799814874
-0.494088238745577 -0.120667646850418
-0.472027822362137 -0.128430916789444
-0.470640087721821 -0.129431691828313
-0.466879915659942 -0.132531896732874
-0.46822076811528 -0.125795266393689
-0.458134956218696 -0.119619587845592
-0.431072152605654 -0.119792240928603
-0.386075133177137 -0.13540473020963
-0.357765937001162 -0.140917752242773
-0.343973268991452 -0.134807525713348
-0.336377896551 -0.121241814954769
-0.328396080100169 -0.109539578457596
-0.311066792668497 -0.110204464884584
-0.285646483659564 -0.122958370898226
-0.257119152700397 -0.140105874387319
-0.224499638788635 -0.155058683360723
-0.202649642494153 -0.155140619621972
-0.202586095798203 -0.134368368928659
-0.206357357369361 -0.111293116250124
-0.194248602271256 -0.100126593402444
-0.16546025981289 -0.102501442670005
-0.129389973901391 -0.110861569081152
-0.106979004008263 -0.107776188836976
-0.10039218401585 -0.0887041272635604
-0.101131511344455 -0.064712877896165
-0.105178109549319 -0.0486502358180396
-0.11292965883161 -0.0466931866634229
-0.121476247401781 -0.05867022947193
-0.134021502678978 -0.0884513462083591
-0.153107244749163 -0.12152546244138
-0.174188051275636 -0.133095241408517
-0.187102604958254 -0.127253801975746
-0.196136012388909 -0.114371898148361
-0.200342091201117 -0.102398725508651
-0.191364537943411 -0.0977893041564518
-0.164702402858195 -0.10885179469254
-0.135314321162334 -0.128991686907005
-0.116178730912098 -0.147648663089716
-0.106533531865438 -0.154652649275834
-0.113867788178549 -0.131551450288939
-0.122929518881397 -0.105387581484649
-0.123673279624713 -0.0927545463983237
-0.117337109112239 -0.0877518179919305
-0.0980587030298164 -0.0860795992900955
-0.0700301029922898 -0.0807138863357722
-0.0509604112297656 -0.0719318951140188
-0.0441591547772343 -0.0704611197970668
-0.0411217897941934 -0.0838612257223992
-0.0398103005016049 -0.105750802076222
-0.0435175496102692 -0.12738336846621
-0.0494203267959247 -0.140059872136795
-0.0544541504106188 -0.145220453893907
-0.0621087443445317 -0.14658516229366
-0.0753089560986225 -0.146623417658933
-0.0877910573803099 -0.14301241172751
-0.0956764436008372 -0.133632762980816
-0.103364550946207 -0.11961457037511
-0.11278351866938 -0.109942893369981
-0.127182775133989 -0.102781322590932
-0.132569231230129 -0.102546540161463
-0.124809266310012 -0.109914008644964
-0.140030969178791 -0.084690716610843
