-0.199662551554386 -0.0667630678155508
-0.282333815542301 0.0306452887394109
-0.340627523096501 0.104143619026662
-0.368280638283083 0.143748823134509
-0.380410811748344 0.1642861180167
-0.400927979511428 0.174985056940805
-0.428664547523026 0.186463954689452
-0.435486935281851 0.189381587136892
-0.410535540833948 0.1709473489184
-0.378747574711299 0.133184838783794
-0.360820467084678 0.100359253797477
-0.345068793245534 0.0725069989331991
-0.330171244283369 0.0513026002101326
-0.328658666516661 0.0476709515645047
-0.339384172847788 0.0540443276559795
-0.332470499090938 0.0375635124425961
-0.321535954819973 0.015188687558093
-0.314117559770212 -0.0191852821584732
-0.310776681069927 -0.071899249515902
-0.302737442189922 -0.133066310922178
-0.30975944646013 -0.146314495844965
-0.345490650870854 -0.106809580646428
-0.393614666654408 -0.0448291474850545
-0.416981501830607 -0.00373921664014137
-0.402152037134574 0.00952944855547811
-0.367946013431472 0.00907498319545782
-0.322030178176483 -0.00532201918263809
-0.272260807406459 -0.0268799637889764
-0.229431147197263 -0.0492531519344522
-0.199797851687604 -0.0642272072770387
-0.176613937188003 -0.0682605020597994
-0.153172748701669 -0.0717158324063171
-0.130127269143316 -0.0792540766822442
-0.105873020632685 -0.0889855057444375
-0.0817341448670467 -0.0977702952124694
-0.0559153148368298 -0.108542014176891
-0.0352934598516466 -0.113850642030851
-0.0232663020421003 -0.108382854688466
-0.0191820439018885 -0.094284589925904
-0.0185216706983581 -0.0792334086672988
-0.0180507521020499 -0.0661783496496475
-0.0142900894099867 -0.0561843975963737
-0.00390461940406073 -0.0653932092321625
-0.00279064555298284 -0.0816038730590906
-0.0240531446855345 -0.0846709797063979
-0.0536111631987374 -0.0871322548036643
-0.0618436955983037 -0.102442756290746
-0.0347083868348435 -0.13187320067686
-0.00267813985112272 -0.149859270851302
0.00243380213653403 -0.14204911225086
0.00125345943678621 -0.13991563839188
-0.00510874736233317 -0.138560655374516
-0.0225239948886435 -0.119916056318979
-0.0378505736487708 -0.101149780572717
-0.0457529795359094 -0.0956631289064912
-0.0511264169260774 -0.103646189760213
-0.0553541687409587 -0.11189464145404
-0.0629644691569065 -0.115411810776571
-0.0709417442432996 -0.12444758677498
-0.0815147191112018 -0.127351076041642
-0.0970286982822941 -0.116066778302948
-0.104819755772033 -0.116621206587093
-0.103904627762286 -0.127321659228544
-0.109574692405432 -0.125460177280895
-0.136613835774332 -0.106307981535395
-0.169856541288316 -0.0771747311318274
-0.17722478281061 -0.0390885982649549
-0.166689547100723 -0.00736276957149915
-0.160223294867495 -0.00608029142477852
-0.167327284380515 -0.0392930923984079
-0.182970911789626 -0.0727876485607773
-0.204858523948786 -0.0788585498138977
-0.232720930438079 -0.055180723085374
-0.256731241071821 -0.037111812544825
-0.259535449080853 -0.0467740721399067
-0.243410502219748 -0.0764578530287184
-0.23678298398079 -0.0841302001283879
-0.254500221057969 -0.0546106291685413
-0.316597875361119 0.0301325884215892
-0.405026117981638 0.143802916464789
-0.472218592605117 0.225347701286112
-0.478699038717981 0.219512552058703
-0.428725684867321 0.128275698500008
-0.367836037241248 0.0150230695567957
-0.359538562574262 -0.0169174639307739
-0.38068764729813 0.00576194965837042
-0.397188888090785 0.0281692607828784
-0.418055371534829 0.0405325391771931
-0.453588043318351 0.0398467711980535
-0.486323490064618 0.0177542148608109
-0.506905911340187 -0.0201299509713356
-0.507731079608882 -0.0698728048470131
-0.491384897819028 -0.131188172612261
-0.478598743832658 -0.183654606459235
-0.48377632510459 -0.202550503794947
-0.496828123613684 -0.198612474308203
-0.500906945891592 -0.199923118327158
-0.512644735687787 -0.189272094751256
-0.517985533540365 -0.171707549306044
-0.521882174371745 -0.149157996308757
-0.527141950974132 -0.134511304406804
-0.523899120953543 -0.143016005256588
-0.505735035162888 -0.164220001382476
-0.490933469997258 -0.168952476538399
-0.481890874523012 -0.15698102113526
-0.476285649436994 -0.140711588351329
-0.487872198025457 -0.112318490871398
-0.489169875904103 -0.0914247534009099
-0.466908396814854 -0.0834096051565196
-0.440401103880494 -0.0836212616374082
-0.436430939039498 -0.070061525874582
-0.444903154205758 -0.0390616416482827
-0.44365784258588 -0.0174351026306509
-0.431427901392424 -0.00846691928166917
-0.426023536413343 0.00830338237983745
-0.425953308080436 0.0371378298958546
-0.426333156295297 0.0783879665183206
-0.437073438034659 0.13291561573785
-0.475825503883554 0.205196594901894
-0.506529285506418 0.256382327466716
-0.525557874497248 0.273657381983787
-0.558644907631583 0.279716820762861
-0.569793938371222 0.267484183628344
-0.508688597053979 0.194687634047465
-0.442988199284097 0.10263649855005
-0.39083112519412 0.0158434593179214
-0.338781715021848 -0.057623971971864
-0.285151324229953 -0.112776193888449
-0.230478663125097 -0.142906714199581
-0.200770191669457 -0.133765085556277
-0.204997198946754 -0.0933383287099349
-0.234764110990375 -0.0495920905272708
-0.272262965485147 -0.0113128680270756
-0.299301628831285 0.0132215819215311
-0.311050184815253 0.0325722077099385
-0.289449192980926 0.0202397992253733
-0.242336138143123 -0.0294213874454729
-0.190595394354421 -0.0859113561793634
-0.162324868393349 -0.10786160825121
-0.164040642683746 -0.0904205495224811
-0.169630652363376 -0.0719577107121368
-0.157903343709327 -0.0723859578938485
-0.140047164484581 -0.0827674359502811
-0.12596359289076 -0.0926659214548544
-0.117336415345741 -0.0945544383339112
-0.11499665742794 -0.0891931511545282
-0.12108763334706 -0.0781461042941624
-0.121607724996934 -0.074074347268653
-0.107019497857014 -0.0819956584922393
-0.073646148566927 -0.100775415595806
-0.0296968655103317 -0.123957258205697
0.00015912561864732 -0.128682827669913
0.0155713010129259 -0.132008122192299
0.0250842359628996 -0.136038402409473
0.0306715006517125 -0.135674005515526
0.020873368849749 -0.12162583818503
-0.000919733349218071 -0.097352107850431
-0.0191654153610003 -0.0756786440367389
-0.0313386120288222 -0.0583685891495955
-0.0391899261373929 -0.0475315968366527
-0.0523398573614361 -0.0421331515136739
-0.0568852902397929 -0.0506802796861194
-0.045577477637114 -0.0736782241363599
-0.0277827436796295 -0.0989610515620953
-0.0223126072724135 -0.119336862600168
-0.0299419377657677 -0.131783851343659
-0.0591809123495562 -0.111139720026543
-0.0816219324112273 -0.0948607284177358
-0.0898801639801335 -0.0919924072649207
-0.0855395012397656 -0.0984248048196884
-0.0670889435731895 -0.114464399501977
-0.0375590291484946 -0.140146076694155
-0.0222679179683256 -0.148605800350438
-0.0223440466616383 -0.141767301079273
-0.0224929801422637 -0.135403353736169
-0.0268902458667604 -0.125562777677989
-0.0406112365079916 -0.124259418635545
-0.0544563945328489 -0.1385795004958
-0.0573407343373167 -0.160567084674726
-0.0620738887594454 -0.168003702853662
-0.0919680343060755 -0.138088653112038
-0.125150172013651 -0.101772068018242
-0.140001421147568 -0.0727492965567708
-0.134424429740912 -0.0593501254017793
-0.124551404166827 -0.0516311818567091
-0.108742991022194 -0.0462588495602726
-0.0723007777647047 -0.0516860848195346
-0.0168456457405876 -0.0766691019361097
0.0279581700930911 -0.118905212812388
0.0112155119898476 -0.102627696447747
-0.0173069188926252 -0.074715984227112
-0.0380394473089796 -0.0414645935185245
-0.045801348867375 -0.0119300231434916
-0.0259120418811375 -0.00512441330794101
2.65000573086328e-05 -0.0147288801869093
-0.00690946099302595 -0.0283333806312656
