-0.0908873169756179 -0.118260598979339
-0.068341349165717 -0.129842006713023
-0.0707210718241659 -0.112315272509446
-0.0677454285076647 -0.108839990357618
-0.0521080614801198 -0.120812145380848
-0.026320287104898 -0.141359608861024
0.000359688865361421 -0.161643777364475
0.012291383940452 -0.153780224958379
0.0054490929985878 -0.120249965962505
-0.00537301012507403 -0.0981195398693996
-0.0147703318422277 -0.0946749057840595
-0.0208695276489674 -0.103085740769764
-0.0318528278432496 -0.119425128362595
-0.047054097578247 -0.133334201723355
-0.0682330295525655 -0.117974516075299
-0.0903781044703835 -0.0770727523096115
-0.111596259391826 -0.0468853475959244
-0.144643387313407 -0.0262962553090239
-0.178879917463832 -0.0226459006553881
-0.201795723130037 -0.0348540135076043
-0.204652885359332 -0.0555314965377411
-0.189417032250355 -0.0824046327516493
-0.172133825859313 -0.112979499410831
-0.1618160972514 -0.135483394031144
-0.154240659187471 -0.142232559505877
-0.144455422628476 -0.143622351672302
-0.13575416795474 -0.149415523498498
-0.134717062893798 -0.150324764334608
-0.132573687914314 -0.145941502589058
-0.12551594613275 -0.119697183156516
-0.127019767521895 -0.0771989733860539
-0.13427496852475 -0.0484437306373581
-0.134831361330179 -0.0443068099136765
-0.132255564224037 -0.0538279097101449
-0.128835943478581 -0.0748990834744021
-0.134839134346759 -0.0865507492684038
-0.159883935618522 -0.0657454290475957
-0.204945060981643 -0.00993566740697381
-0.265657889410958 0.0680095396624046
-0.340508232465619 0.161392136049298
-0.422895263243895 0.261275998182565
-0.499767165956787 0.341840551740417
-0.563623406111064 0.3771684754903
-0.610784412031998 0.364598824265088
-0.633607376899103 0.313992252909059
-0.631013573443554 0.254623743723515
-0.605659615705693 0.20627216351851
-0.544963280972255 0.149601726214951
-0.480507935401149 0.0733648761032986
-0.43459599982897 -0.0012978812370933
-0.42301134222616 -0.0608564101926574
-0.429964968890035 -0.116248450386416
-0.440120450232902 -0.161279301740234
-0.479519271567445 -0.130482861416662
-0.523985811402828 -0.0926229832285944
-0.54335569249793 -0.0886763204463235
-0.514878551831072 -0.104282858509423
-0.44642941097925 -0.11441008354192
-0.35711477026848 -0.130991916831435
-0.299487487409953 -0.151511049753138
-0.320325469930092 -0.128203422266774
-0.37547305921333 -0.0759625391881472
-0.383420514020232 -0.0577808796229726
-0.331664194908216 -0.0814385275557987
-0.260676350507513 -0.117307968577518
-0.210594815617105 -0.124809743520871
-0.191205968498154 -0.108891377641909
-0.185474558704739 -0.0949630114246858
-0.186616291389957 -0.0878744961446772
-0.192218038737912 -0.0799089349379965
-0.19101224109647 -0.0738368503231804
-0.189281124269669 -0.057846754106537
-0.189121886494778 -0.0309085503559553
-0.189241285744346 0.00484605037728551
-0.172983061905886 0.0389208299749783
-0.141109612105242 0.0696997769515215
-0.107420241034981 0.0965573472052772
-0.0679033159470683 0.109812478357783
-0.00863624495155091 0.100523731900661
0.065819520435858 0.078120767206282
0.147972121446305 0.0534757002701483
0.2325970779375 0.0222869393477115
0.30257250668205 -0.00382239545155345
0.343694179969397 -0.0040672821183494
0.372914178157588 0.00798944058337693
0.398721590191721 0.0228978169128203
0.412940017607379 0.0405546448845242
0.42370070997048 0.0429774258452085
0.435398500269863 0.0353778457094736
0.447650023957488 0.0145828373876468
0.452008052300753 -0.0136468130445167
0.453127060478702 -0.0257194758159679
0.456008044000335 -0.0187745877254467
0.451489556921943 -0.0131251341477047
0.429191720642121 -0.00771310211028581
0.405245787648624 0.000891436034743441
0.387128218870131 0.00863033308399248
0.382621690193047 0.0139594270130309
0.386036080915629 0.0198077286853092
0.395553570384264 0.0308897439559813
0.411897672164737 0.0426045146216553
0.43992800968355 0.0407449971478044
0.476532568058723 0.0265246985123547
0.520438303870578 0.0101876948524568
0.574433144872129 -0.00207924532849175
0.621280963983585 -0.00281998576818507
0.630126785665994 0.0192133486218643
0.632642931042618 0.011225670941271
0.629835494686229 -0.00697217375100823
0.62180847004141 -0.016655717154775
0.605759112035222 -0.0130246422044561
0.589289325543793 0.00239240894719076
0.576588270748439 0.0230895891729542
0.566170188857344 0.033813918136513
0.557132913352025 0.0196416414614856
0.543668484832311 -0.0143240602939113
0.52399250917076 -0.0526689877869358
0.482750061878242 -0.0412338066261145
0.459058231295644 -0.0315154990671733
0.468785316436242 -0.035929329153191
0.499480274949531 -0.0455762954743609
0.536782862163568 -0.0544841260243983
0.557288428046951 -0.0533241402543258
0.56087172482978 -0.0450717688527708
0.54959825204976 -0.0268807671603121
0.522633242810811 0.0108652071322573
0.492392272039385 0.0499442338665199
0.470710342197575 0.0684927407036856
0.458993692408915 0.0635043971230939
0.454725514115264 0.0304686743274313
0.454900446719467 -0.00888522856551565
0.448698951758796 -0.0158889684167775
0.439731497337587 0.00129802607210143
0.429064015665219 0.00916067032459244
0.409638128578289 0.000799420513729754
0.391031405209649 -0.0226724462408814
0.368972027850955 -0.0325987209250644
0.328850638869495 -0.000188782032643792
0.303866827191935 0.026358060892843
0.310897071426124 0.0409560882985727
0.356582762765778 0.043510722644411
0.40902021416553 0.0475741409524956
0.442690667213124 0.0659300200982076
0.4435203907897 0.0996367404762783
0.408770323004191 0.151008760327798
0.348104195935766 0.210015624770325
0.286016097857724 0.252552419309444
0.235509779709197 0.251379469577307
0.188218270424862 0.206930928924715
0.132896138355679 0.135235426976131
0.064982040331801 0.061223267871439
-0.00304810997158661 0.0115262982929977
-0.0546478967996025 -0.00515938153637753
-0.0881501270182525 -0.0111871596275647
-0.110858451622038 -0.0265209794458421
-0.125562537775503 -0.0601351275621897
-0.151666320102618 -0.0792741730103008
-0.188132114898946 -0.0874407130457546
-0.238531832736535 -0.0552669503500993
-0.27231812792772 -0.021141255459711
-0.276348633272066 -0.00426679065456807
-0.256708758893885 -0.0158722677275172
-0.21022492200099 -0.0689876277209208
-0.16436641311182 -0.120301397995817
-0.178599611654495 -0.0569724056089513
-0.211624734490786 0.0366612727269999
-0.240714282032956 0.110332942353802
-0.26526402801199 0.139823105033029
-0.284743385174155 0.11716467061069
-0.299056024411069 0.0605832351009929
-0.308114585452035 0.00752675805301967
-0.311546276763979 -0.0394782801113522
-0.306795554373881 -0.0794168892541655
-0.292225045267161 -0.109529819613946
-0.27045891294333 -0.125899283738778
-0.262242985743692 -0.123310529869745
-0.288738209562642 -0.0893158218346579
-0.332371564105866 -0.0461181709530161
-0.336866691726778 -0.0280088991918384
-0.303143082131218 -0.0364560692855003
-0.245509621413603 -0.0652621376097503
-0.179983705545293 -0.096493292327028
-0.120740934335589 -0.112738494111568
-0.0886235188038554 -0.113391131861055
-0.0862861449310831 -0.104857956348943
-0.106036487625894 -0.0830371035253015
-0.142832343817158 -0.0424053075604751
-0.201445003223244 0.0255322769485599
-0.287465038837245 0.138423014911907
-0.409352326175416 0.315487920016824
-0.560929441904306 0.529429930525794
-0.707641394617262 0.732186459392377
-0.835350731601143 0.876000136060036
-0.951842319271719 0.925459526148916
-1.05492772291414 0.871908288001762
