0.503661596322439 -0.0131478722589969
0.497728432275521 -0.0230658998862317
0.491770988240775 -0.02799323297394
0.489600893331931 -0.0340984345737184
0.486954215312198 -0.0375576351649031
0.4890857855796 -0.0375408917117752
0.496594512211083 -0.0403461726643427
0.498663691284449 -0.0415560392715012
0.493884824397506 -0.0418202927797548
0.491018387548707 -0.044797969905275
0.494362123979478 -0.0495169410985919
0.504986018302577 -0.0533504391484086
0.517255770375272 -0.0547052564128213
0.518819424186206 -0.0484158179878701
0.513034043785549 -0.0357377263718835
0.509628320738595 -0.0169652549193459
0.507527834928857 0.00467300586958143
0.49751046651951 0.0318850481117056
0.491311984041012 0.056055997211902
0.506388245087835 0.0618796408495348
0.527582668025109 0.0555086070231947
0.547232541642452 0.0447715188455121
0.577451982512741 0.0285336456477183
0.614163901481536 0.0170424335235284
0.651698974166762 0.00613079646557231
0.684863233243461 -0.00971692420735545
0.706824730441821 -0.0211049331481611
0.711703366563096 -0.0163874038376584
0.71468063878165 -0.0118220761718264
0.717804108918078 -0.0102736663811268
0.718900375719269 -0.0121299811451133
0.723492993168826 -0.0189734549588865
0.731662912493311 -0.0239391346983771
0.739287034199224 -0.0231826695758504
0.744195583854015 -0.0212143637928435
0.746636295982489 -0.0171327340666644
0.751710539776941 -0.0164542128093403
0.759284551809675 -0.0207326259210797
0.765711928396606 -0.0282998823883894
0.759679790210314 -0.0231083856204858
0.748541264737244 -0.0127978211795277
0.741944523107037 -0.00474866709142183
0.743347001921921 -0.00248259020580377
0.746762145337029 0.0017730014985021
0.745564703263743 0.0132507222850341
0.742980041854432 0.0220120187991455
0.737362380966201 0.0261012552546896
0.726029597993446 0.0232438174268
0.703285571504237 0.0165665029168781
0.674659790700805 0.0115706383720897
0.662092360248948 0.00410845461663984
0.66462779273301 -0.00627987702328849
0.670007365324148 -0.0192643966911633
0.664996845834627 -0.0199309113279501
0.64757464068002 -0.00178885385469183
0.624622375170165 0.0202205947557273
0.603231378128461 0.0458099456253373
0.579873349365106 0.0842887725501061
0.546167381692706 0.121769380383563
0.50204291116643 0.150613817050026
0.443457033844071 0.200745325459175
0.362959036649108 0.281927862961869
0.267617815695897 0.357951766879503
0.172881869300732 0.411203436529114
0.0779050123582209 0.443651874623324
-0.0309092848667411 0.455579466351858
-0.149705008895446 0.44339553763127
-0.257946316780494 0.40633079999816
-0.33378413791888 0.356822541684615
-0.378643145002606 0.301661413030552
-0.410143600085619 0.254596591115226
-0.432022640559678 0.224203526228485
-0.427656706551994 0.201224122725047
-0.397819765526831 0.176747269623349
-0.348734030980208 0.138354339258631
-0.292648375365098 0.0936457739084658
-0.250099834037264 0.0760667170789023
-0.221473657841416 0.0985161403751932
-0.190713109922622 0.134993171231095
-0.148416213026752 0.169217539086938
-0.088025949393469 0.186055639580334
-0.00091004889874205 0.176206915016224
0.101989446268514 0.145310236252608
0.195433112689443 0.112719749925787
0.267733783632805 0.0876400676251345
0.322218074712832 0.0715970108509359
0.363336718639731 0.0530338948186256
0.37781381166987 0.0404019694391787
0.377642645882014 0.029296725820282
0.384313209525206 0.00489059086035832
0.395954028458773 -0.0179852277819894
0.401008467164783 -0.01845439011332
0.412944085948592 -0.0163850319013677
0.421396462962254 -0.00743357850697445
0.417965503207895 0.0119240929379471
0.414196365868117 0.0209977522680936
0.416064243810832 0.0182266267818689
0.427979498784903 0.00611108795411903
0.446952892444683 -0.00840905383195996
0.464233722049709 -0.013042136875264
0.470754009707397 -0.00236918620519628
0.469497829883359 0.0164742205043924
0.469229737272065 0.0318413940673279
0.472521691790078 0.042221715850651
0.4680215214704 0.0612995002052328
0.456309496913348 0.0854426873317688
0.4517194622747 0.0964771895845812
0.462664690644371 0.0919765228267246
0.489603789885022 0.0733116373436573
0.529719759062848 0.04205040048139
0.565126266259979 0.0145385983914641
0.580529291746396 0.00843657594205281
0.587744191388748 0.00150155644041177
0.587755166282541 -0.00163263361509348
0.580470843980116 0.00451231397187204
0.577590378685727 0.0114404230510997
0.585011808642663 0.0142146093741728
0.599159665573999 0.0167715830238679
0.613992968604118 0.0216247856017296
0.624708636110526 0.0277531331749409
0.633588260978166 0.0315338277405542
0.64522133115053 0.0274197252393657
0.665043455055723 0.0178446590744721
0.693324885034961 0.00488376660022405
0.713670589050675 -0.00129376701507664
0.716188441522503 0.0038622250735507
0.707320285121701 0.0135638106114259
0.697082728146122 0.0242044404629966
0.689791572335098 0.0355125679926682
0.683025612834067 0.0464776830716964
0.680506547925124 0.0546192778593888
0.6932000185566 0.0495970960148893
0.708497474441311 0.0406128266946074
0.72200555141472 0.0349245417372768
0.735433867836906 0.0362823905599685
0.73759744991652 0.0631138050949511
0.729346499288926 0.103751781786419
0.724421787485093 0.12896461253391
0.725039431807059 0.13092035082303
0.719733960059243 0.120747162373793
0.714277595707211 0.0873432608851699
0.71280454379387 0.0379043494987952
0.711186801997468 -0.00299985253611637
0.70230052557451 -0.00736549576006415
0.682255720133667 0.0217424595047071
0.668593990500556 0.052957383381736
0.661338712882054 0.0762308179242791
0.655550935746238 0.0855526241549035
0.638663511315585 0.0862480434425682
0.615338897964336 0.0846031482450255
0.600537845867049 0.0967983538613508
0.599863477596353 0.111407277793693
0.598452918410003 0.11738074518382
0.596790231528017 0.105784036582451
0.609239497516961 0.0632027943388644
0.613539808404844 0.0129878060078585
0.59088314355173 -5.93818819620378e-05
0.574021735136155 0.00204817155903761
0.573899267926889 0.00171862083846534
0.591087377434708 -0.0129577287451969
0.599193725338564 -0.0123383972543981
0.593018684748274 0.00282672832683649
0.592551493892962 0.00405316995494679
0.599901556418867 -0.00390142980893597
0.604943784677259 -0.0104216757736689
0.601786679952293 -0.00698840320098365
0.592070650842577 0.00192959539950111
0.587195973982796 0.00382513504561127
0.585422959464899 0.00472651375403565
0.588435682382705 0.0152375359180159
0.605498222741967 0.0145699814886373
0.616759138143383 0.00855622652780313
0.610284787656057 0.00127053114222123
0.582871894286119 0.0251873783638989
0.545458920886926 0.0748657379472866
0.523606761139796 0.10930887346378
0.527208156689955 0.122362745223372
0.561167138816257 0.113712755565653
0.617619960379885 0.084575800873265
0.675011761893799 0.0483740601287821
0.723028685480108 0.0133378114736071
0.744284033444326 0.000933141675899881
0.736280720776622 0.0205937696389435
0.727361020129292 0.0353808960034235
0.72977460229668 0.0336562344849152
0.734754080394379 0.021354742969004
0.719285567362228 0.0260054164184027
0.679127290298415 0.0608292415748203
0.648631229756622 0.100663300224359
0.641899699853262 0.132974310601042
0.649169152651671 0.155887317213649
0.649104452751608 0.16885440290806
0.634972881881911 0.158813025102198
0.618527607340841 0.123617528431742
0.614829953314404 0.0764775337105186
0.624338528174343 0.03082797488601
