-0.0671555693930003 -0.14992951889462
-0.0639367469931878 -0.152343865138382
-0.0602885045761927 -0.158015920253306
-0.0578642978624118 -0.164625892839744
-0.0575033020535261 -0.171661184634251
-0.0586634392491763 -0.171755564064705
-0.0568541036897454 -0.171082754885061
-0.0567627939517937 -0.170316498967364
-0.0607141712645775 -0.163956389071633
-0.0612550124229553 -0.15911275895136
-0.0563240193717017 -0.161055432640375
-0.0505425370483401 -0.164814475651366
-0.0510840943760333 -0.155983779268399
-0.0535478052621358 -0.141887331274305
-0.0540856641499527 -0.134964407997171
-0.0481349592060525 -0.141728032799946
-0.0394993265197283 -0.155287810891883
-0.0341283206053911 -0.165013336058689
-0.0362944171988601 -0.160827321780701
-0.04367963348786 -0.144576312925692
-0.0535242229326545 -0.128668372347679
-0.061592216546823 -0.121986441895007
-0.0658417498091022 -0.124063216989737
-0.0645007208962785 -0.134793606721217
-0.0596942929648145 -0.149579469908336
-0.0542608688777332 -0.160673328772868
-0.051503417932623 -0.163705345184101
-0.0537412171044556 -0.154030611001031
-0.0568807649586724 -0.142944502143272
-0.0576101557621651 -0.14225994784442
-0.0621910089244714 -0.138844165318961
-0.0667985173442109 -0.136082993163595
-0.0716108340745385 -0.132310075501597
-0.0822812122340772 -0.125565132452964
-0.0961475505932263 -0.126760218101782
-0.110360414198078 -0.137537620910623
-0.121415276293361 -0.140768754206558
-0.127267541169301 -0.14181629518199
-0.131981682496766 -0.143764285594554
-0.146057643089073 -0.139554666748599
-0.167007238027763 -0.138312136613605
-0.180789213376126 -0.141006868104967
-0.178619333875507 -0.138896048510583
-0.16732663235793 -0.142729855015298
-0.173074096805051 -0.157617910180589
-0.18763688699262 -0.16733693937201
-0.195961705114283 -0.17004645244011
-0.18381406183588 -0.178595204990124
-0.163755405427762 -0.188069953450404
-0.155653051196827 -0.181479912873719
-0.153370656250703 -0.180602521131278
-0.16420463562585 -0.168880932142145
-0.183841298749306 -0.148303630489474
-0.203819951915869 -0.125247771874029
-0.213596390474359 -0.109175493631722
-0.206492088583726 -0.108738809375165
-0.190595474635511 -0.121946856243516
-0.174736431667951 -0.140045463028863
-0.159945326363622 -0.15642272995252
-0.151220728936266 -0.162860269127809
-0.155637753052623 -0.152229017695793
-0.162788969912465 -0.13866317535258
-0.159260954252714 -0.138490238253335
-0.14828930150725 -0.151677657335897
-0.148681804727384 -0.148850205398534
-0.17996253177907 -0.0923332404125819
-0.221269668232828 -0.0159297204378741
-0.264121593435344 0.0512417381878394
-0.307562021790045 0.104561083629521
-0.355090867751929 0.156306554281013
-0.415550053197272 0.226820110911141
-0.500458038174967 0.314242352355371
-0.610650176397861 0.404382739883472
-0.71772734288828 0.489533035233199
-0.794191158454779 0.557345229334999
-0.831040064987903 0.592719896541915
-0.835460356343039 0.599699880509503
-0.813039291295581 0.577324686292633
-0.758177260626209 0.515153497509783
-0.678168644091769 0.41021393326641
-0.586454814246678 0.28577782632031
-0.504898237192969 0.180121926123114
-0.446996290380536 0.10198192314983
-0.397163665560938 0.0249141169711562
-0.353737230136413 -0.0541018745864433
-0.337587378774845 -0.0949572528509444
-0.335336118128258 -0.11573806006487
-0.329768197485389 -0.137545283352672
-0.330960461774757 -0.134524573471617
-0.34683381373041 -0.0958432218124741
-0.362483265638621 -0.072303292698971
-0.3588413635552 -0.0931187920702701
-0.343585017515758 -0.144559819250881
-0.341264873034751 -0.185390920604948
-0.371802686935685 -0.170942470897936
-0.396289465204789 -0.146491433535153
-0.401463138309955 -0.135029114352469
-0.395151377911528 -0.131595892776104
-0.378690561430956 -0.129660263236544
-0.353382762202562 -0.126340147559038
-0.323689653651845 -0.127027038718563
-0.298907428803595 -0.135223665756821
-0.281478300552637 -0.145364985298225
-0.2699763227948 -0.147363412987685
-0.255759906331387 -0.15300328633957
-0.247715036581049 -0.155122485613255
-0.27288998851434 -0.113091242590816
-0.324764150894661 -0.0296380359273709
-0.367805906104945 0.0404570166482709
-0.380044670631935 0.0662021740496008
-0.357922093042854 0.064613476647992
-0.251417416405741 0.0204024446183351
-0.0873306306667815 -0.053427895066115
0.0388755192514772 -0.111640013767403
0.076929507337335 -0.122467544935382
0.0867890348455987 -0.120343094614519
0.0751238964843263 -0.0946710204068294
0.0460118936659861 -0.0469757256743633
0.0106522638251603 0.00476541482572591
-0.012131673381886 0.047208528006125
-0.0118665876932705 0.0791968885056614
0.0169091270965472 0.093117224292107
0.0702864597307123 0.088853899680062
0.144452544180715 0.0696007638813568
0.22706847958643 0.0386014016361612
0.299149012535184 0.00442917746029458
0.353203375477748 -0.0206210899270267
0.38963835076884 -0.0307133602023627
0.413169803326147 -0.0320420983513625
0.427324652558101 -0.0307997147888839
0.430521625392088 -0.0215431931188825
0.425351560056328 -0.000627216287850507
0.432105434263285 0.0111164223994617
0.453102118874057 0.00840316109736335
0.474358349282661 0.00253161568222527
0.490552701343019 -0.00518749682990108
0.50478579264429 -0.00723740355188186
0.513052903425454 0.00170566191549296
0.516931070587004 0.0190662292627996
0.538122543384975 0.0210456468007176
0.571450202188835 0.00922436039180663
0.601943444400473 -0.00634768501849402
0.631425205449508 -0.0191577082792769
0.644745618784649 -0.0088867817444974
0.646789596800989 0.00617905303891057
0.655195579613625 0.00491756713731577
0.663866795937236 -0.000612044027823374
0.663773244621131 -0.00225309539034443
0.658558308895722 0.000463925760763464
0.651020984260494 0.0112915499650545
0.647811057261793 0.0188369817495072
0.648248570783224 0.017158708957011
0.642174108743973 0.0120750472544948
0.631165273292844 0.0126643608388389
0.628954496441404 0.0122426516574511
0.641673770762155 0.00574169396398584
0.656486613327739 -0.00539024564255328
0.662756749220287 -0.0196411495430929
0.656025179112141 -0.0284103937823372
0.648382413263313 -0.0360162580592432
0.640287968010683 -0.0355282858653795
0.633418148309617 -0.0266778912603988
0.630134560411425 -0.0170084912066592
0.634217787630005 -0.0194355838447532
0.644040652110658 -0.0303415591260952
0.654326496962532 -0.03758426745672
0.664086332091117 -0.0381631937884468
0.664759189577161 -0.0304061187496486
0.640037976741874 0.00221835777878224
0.605180976473253 0.038703900350305
0.574590051195954 0.0713892416457701
0.555035086104482 0.103691164829753
0.563255751258924 0.118545961259834
0.596183933876203 0.106655818701603
0.630273035076141 0.0813859706625053
0.661010341932798 0.0507493042105958
0.690710929257586 0.0143701262839486
0.708767491377311 -0.0121503465591134
0.701290668773983 -0.00221954813463234
0.692093652667235 0.0147415128850726
0.691420115197701 0.0240815537769286
0.696242496852033 0.0253386306080516
0.705066814144458 0.0188827693791776
0.713497208823171 0.00671904301633452
0.721547611442737 -0.00845161261417355
0.723000748462795 -0.0160714108726664
0.720114357685739 -0.012917532928781
0.716086776299806 -0.00587629324965641
0.710656329464643 0.00282336433348122
0.705921064876427 0.00605049717771602
0.70502440336158 0.00188362833778779
0.709656155962228 -0.00493801907593447
0.718343339621888 -0.0137553771325049
0.727990651439125 -0.0199353162759492
0.728271184561196 -0.0114354813300594
0.716839530782746 0.00381508025886917
