0.765385451440124 0.000340736537004839
0.771990154961376 -0.0059636774624757
0.780804488931178 -0.0138545451043021
0.788515748452287 -0.0180266493095856
0.792067990644265 -0.0123593321422931
0.791819188743396 -0.00745109788101565
0.788672403798242 -0.00730102724950283
0.786793744541302 -0.0102753975294736
0.78282339958072 -0.0124528736693693
0.771078523121056 -0.000968355058590763
0.75735500969199 0.0166500279685331
0.743093302995138 0.0351741469249808
0.728985877140278 0.0540380241751453
0.724146130063446 0.0697253474913456
0.721537487838253 0.0837586869171446
0.709486278359713 0.0898897098579598
0.68485690335124 0.0847633564637987
0.656456713544484 0.0764973010627447
0.629900910974172 0.0676657077215584
0.600089137654511 0.0596392543559076
0.575147516045548 0.0518832677112812
0.564258932282884 0.0436256850044057
0.56386139802853 0.0362165926755022
0.56945700587033 0.0273791491059401
0.573001767036777 0.0181237084072067
0.559151375199699 0.0214136846113604
0.537676519321512 0.0276740721620256
0.52240537610614 0.0138230674902691
0.500504841734603 0.00639051951123981
0.464624550352965 0.02984944246239
0.441986383893324 0.0468389208258366
0.435443568264161 0.0499972121523003
0.444778305793612 0.0478433349575718
0.461423815328323 0.0555112510799752
0.474417437300081 0.0553928518296278
0.468727313214523 0.0584221808254161
0.43360502565488 0.103338685712343
0.401669120837278 0.13314112577874
0.385112079636958 0.129168669317586
0.391892044212799 0.0899502201919671
0.422587406195933 0.0274605729599582
0.432881257273099 0.00704372010700776
0.408952503525492 0.0524460549107199
0.404311099953025 0.0824580176156706
0.426499131611292 0.0834254381205935
0.467683008611274 0.0585143869326162
0.508747919188513 0.024161275676248
0.506415657135365 0.0413397134218465
0.5105845162973 0.0523898523276449
0.534774384875481 0.0458907590617034
0.562365376091748 0.0398837330501511
0.588032748680446 0.032716191684847
0.600594278656026 0.0407982155983448
0.589898888806628 0.069740432674548
0.53962357654837 0.123176887137182
0.4836349536822 0.154123614665373
0.436995437980511 0.159742141815195
0.403910602940192 0.142444589745851
0.370642030924734 0.108647980492914
0.33222443192342 0.0630265186667922
0.296958751931249 0.0154576469820709
0.263563898826163 -0.0105894977985977
0.232063654992712 -0.00683980175541614
0.201850735487709 0.0213657102014272
0.174941212883941 0.0554057195388966
0.141550949230898 0.0978954635332539
0.101354899514048 0.138106607256949
0.0491264978176223 0.168730540088415
-0.0190201893841076 0.192365272576728
-0.09234379064258 0.205757588585516
-0.162872138247862 0.209283308801031
-0.227049414939727 0.211092487518545
-0.281763725655517 0.209978327963392
-0.330542546498834 0.199130496321177
-0.376437953978447 0.177538296365528
-0.408920809981175 0.143084136640941
-0.409939918909005 0.0857111545998183
-0.381181302262368 -0.000473523021847054
-0.35114398746259 -0.0814544730779964
-0.379625342341167 -0.0612872190573568
-0.411835206919582 -0.00852538943183673
-0.401350476257515 0.0169666753193246
-0.360070112904841 0.031335702993133
-0.316022873755322 0.0571238769975278
-0.277076166840927 0.0698351011765426
-0.256413503077899 0.0655899562772229
-0.25510295698933 0.0512824364858924
-0.257122851679234 0.0155402508383399
-0.258293124098112 -0.0322986713247696
-0.255025210650457 -0.0852856622956021
-0.276407131503022 -0.099229134821903
-0.309163727730718 -0.0958555203421751
-0.325707600616022 -0.101354951057316
-0.322652448833946 -0.0995510952176769
-0.321312205285807 -0.0774346138596034
-0.329322050442275 -0.0492558261334342
-0.334076710232992 -0.03176397760704
-0.320128427578597 -0.0278122065982083
-0.280475093306204 -0.0400178616074776
-0.224372813456607 -0.0584086008436513
-0.179131272655575 -0.0706705649986322
-0.159992967804645 -0.0816383191100682
-0.146414860678826 -0.0978088961819528
-0.13523033595103 -0.104357684914295
-0.138001611104542 -0.0855354030259245
-0.15151118727476 -0.0515160484275933
-0.160410259657886 -0.0192492523209623
-0.155954520576782 0.0077053702004051
-0.131875944137851 0.0263787356566804
-0.0876569710931724 0.0316125814105749
-0.0340124481106818 0.0228973254233094
0.0212709381345819 0.00702712427165062
0.0751765171873747 -0.00778798031690099
0.124441983606317 -0.0105046577467157
0.166189713942244 -0.00863338592682352
0.198344209683739 -0.0145227551514239
0.220312903494214 -0.025551480300001
0.243176326356803 -0.0425094966898436
0.274255497394561 -0.0651315440159344
0.294365968791159 -0.073109588031568
0.303576606092237 -0.0728336374059635
0.312303315054256 -0.0653809267519133
0.324597819942083 -0.0612178046613382
0.330159818652436 -0.0629512892286728
0.320387848245158 -0.0572847685843767
0.301200820472569 -0.03930309698161
0.293000476299457 -0.0294311714475238
0.30200144148505 -0.0339372454261704
0.318852013627718 -0.0428955737995643
0.336581975249681 -0.0455145919665405
0.351556240234898 -0.0403479582944701
0.361492785092593 -0.0343443409833035
0.363671284355465 -0.0273492622330362
0.364572112171468 -0.0196893102248771
0.366088929863035 -0.0111064172637447
0.367964684807112 -0.00297867119272077
0.379833841110676 -0.00278081038292598
0.412659642542253 -0.0196640022030054
0.440244207167887 -0.0210117394316236
0.452678174021149 -0.00942273373743667
0.442517979506196 0.0218530052478241
0.410202266894806 0.0730895220111081
0.375044180682055 0.105219558622616
0.340227765179232 0.120509656811945
0.299280731788687 0.124646132407154
0.244194441037188 0.127836415607392
0.181789305686789 0.139280400921286
0.13799192518963 0.15256219007519
0.103977411948402 0.174848990732498
0.0729136869398502 0.211010223321777
0.0627650518839834 0.237433993897429
0.0780244236021029 0.242095270695508
0.104545767217508 0.222723547447336
0.130979276853746 0.183060214397053
0.142826696732071 0.136670844318526
0.136124920697375 0.0945783051435253
0.122042519433061 0.0461103272870015
0.103333029520715 -0.00654385750555177
0.0832875048180579 -0.0475326637690569
0.0706977294713186 -0.0786582068047472
0.0545422617731433 -0.0807075164081572
0.0348397326764652 -0.0598346864616374
0.0302421848875809 -0.0446305483167637
0.0358917255536411 -0.0318055238139838
0.0478812310932572 -0.0229894936752163
0.0723120761287491 -0.0250755619692057
0.0964199292172969 -0.0194234471776056
0.0954456724997546 0.0130660958367222
0.0761358419591855 0.0522177387128381
0.0505769070343989 0.0892358563441217
0.0259784295088991 0.125949856896911
0.0076371781252023 0.154233839282459
-0.00464835587124264 0.171153879652267
-0.0255156116984121 0.178986102708557
-0.0576793027612599 0.168984852588044
-0.0880768096956478 0.13035305006601
-0.112344106665173 0.0766802305050866
-0.137734727892396 0.0358312114832963
-0.171847885108533 0.0355028564217625
-0.22776178531901 0.0854969269044701
-0.284034437576285 0.141041504640108
-0.328375224403734 0.173289387105135
-0.355540497631438 0.17171486926748
-0.367563906844006 0.141830207621873
-0.371729948137903 0.1011845535827
-0.376808342834294 0.0713534752941623
-0.37554398278623 0.0336218066321445
-0.366014379846413 -0.0356744420213384
-0.360474631533857 -0.122548146900475
-0.378481318506633 -0.179103397564156
-0.428195946557138 -0.170653014035349
-0.450646889404134 -0.169552152030363
-0.424356192980761 -0.198332383144818
-0.392683500111445 -0.220082141441906
-0.398255898156013 -0.195842728587395
-0.40848817873198 -0.178068228052476
