-0.0570418737913493 -0.0685080265627917
-0.071796366442286 -0.0316112362148764
-0.0742345003614721 0.00385466135417804
-0.0582659349978017 0.028569081552326
-0.0201289022151068 0.0350012802488757
0.0321078986351131 0.0236960268796628
0.086641382252582 0.00701858437637884
0.140180361176349 -0.00825817011326868
0.18993485809105 -0.0188689576389795
0.235351608314309 -0.028113984109466
0.276114954525021 -0.0420050409401682
0.303025456342041 -0.0523893355454741
0.315339903624421 -0.0538339304141102
0.323353815189249 -0.0516096175214426
0.337081610308778 -0.0552315519117706
0.35596242815532 -0.0628877019800317
0.378372022510532 -0.0648853107206725
0.400743099694602 -0.0636399572227095
0.411715385278682 -0.0692780462675091
0.409937907037232 -0.0765493233405571
0.394091380220793 -0.0642219127821143
0.383110682755631 -0.0477323705879256
0.381779586878643 -0.0379806907766281
0.381581466604687 -0.0279683836523679
0.389024642643976 -0.0229753433073732
0.408800286757367 -0.026224648991498
0.43235316756098 -0.0322404182037977
0.447626800279496 -0.0323018191589594
0.457455369632696 -0.0252296970917029
0.467685253385921 -0.0159527862825577
0.47912110869956 -0.0108618201062746
0.490796944072307 -0.011346753543777
0.512679677865228 -0.0218982708694278
0.534264039812577 -0.02458902998945
0.541010440375245 -0.0073683643125
0.535733955679675 0.0171980373008776
0.516664338950539 0.0568623467914321
0.493829150352579 0.084567385973506
0.466581060582551 0.104822157334388
0.429824761787965 0.114197156750636
0.381370020805517 0.111619276143299
0.328813832883253 0.111965392672074
0.29031467916969 0.115991570065001
0.27040280124177 0.121079638511778
0.245525715758275 0.149485095253493
0.231600733540974 0.180606037361919
0.231032703954843 0.196373104439089
0.24490794764183 0.18616078099833
0.264584594503296 0.155341640667095
0.278339044392608 0.115895184839888
0.275138819037791 0.0732350359981428
0.25272230266469 0.0273793774076817
0.223197795878267 -0.0151581538521699
0.198176147355493 -0.0437932935278607
0.199785940762396 -0.0786669404075031
0.203155744644613 -0.0952455820713029
0.178575799941017 -0.065715096187163
0.155794313314032 -0.0438021370417479
0.146019707862633 -0.0270071319732541
0.146660960164297 -0.0163800975583266
0.154900374415729 -0.0188402691918511
0.160044178749615 -0.0122349579422495
0.147700552300282 0.0180441825648163
0.121882671069657 0.0538092752685605
0.0978819541813791 0.0857452293893049
0.0821594686951074 0.119110606436743
0.0743358232473247 0.146619971621344
0.0625223100489584 0.167777271989805
0.0430103245910694 0.174338457868483
0.0170338049451251 0.159215295068098
0.00197824935877265 0.118096041667027
-0.00430794227086865 0.0678215315055268
-0.0218490969914605 0.0387688467628027
-0.0597587817140977 0.0361512343553499
-0.128361129077861 0.0716328874889283
-0.218195285665672 0.135564042815621
-0.30465209233201 0.202875445373889
-0.375385646189054 0.258760620966247
-0.424029122450797 0.293951640465448
-0.450481985252029 0.279244280541255
-0.456893344178736 0.198839323616382
-0.454581163959698 0.0753785024520139
-0.454804930611903 -0.0596168822504058
-0.468576026477603 -0.181787668473353
-0.510102326611908 -0.225354604212607
-0.558243372654899 -0.191936708857509
-0.566911760761274 -0.172087222085285
-0.549893556548261 -0.178041489034352
-0.539514257022274 -0.19163231041457
-0.547185992991949 -0.213971592246814
-0.569671257631094 -0.228897965784002
-0.591649371954567 -0.227397799947621
-0.593982569632476 -0.233401710068181
-0.592307281033556 -0.241665991348689
-0.589670045323633 -0.255572145555675
-0.598477523018227 -0.246349092582653
-0.621696621228607 -0.210939900437686
-0.659383627291574 -0.158792982743922
-0.687903857619687 -0.121367588079784
-0.676354623340961 -0.122523018632091
-0.62383947708064 -0.148496625452428
-0.55898836037617 -0.16720008221469
-0.525688700069876 -0.151519175105263
-0.519210502960647 -0.135164169778081
-0.507614141489515 -0.137364416043456
-0.488248284135194 -0.143479022577706
-0.466001290374094 -0.142751226846875
-0.447082945427957 -0.128940845607024
-0.42515602733828 -0.112318903305798
-0.398433989984517 -0.102449801409954
-0.373449956623003 -0.102297165349519
-0.349492596931268 -0.10953618994261
-0.31587844628292 -0.122728830554797
-0.267792340641102 -0.140031243402223
-0.225079272139674 -0.147635473782482
-0.199650637558751 -0.14122480189115
-0.185701238459985 -0.129332302643193
-0.177996763040205 -0.119149988676098
-0.175263783350854 -0.110010837483166
-0.159476076956603 -0.108231807993386
-0.126338351404209 -0.112976836246928
-0.0960908820669003 -0.115318186537588
-0.0836212790174357 -0.113990472445616
-0.0866077910684338 -0.10347896075496
-0.0900779344221454 -0.0929138038299297
-0.0866233347304392 -0.0798649157095618
-0.0714652318923273 -0.0642840789315153
-0.0482449880642186 -0.0504430685823101
-0.0254012152823173 -0.0503060444139888
-0.0129321713591047 -0.0676526810057867
-0.00889418151021423 -0.0947599765974026
0.000781746822578879 -0.114094625510801
0.0193672595831105 -0.127890575828943
0.0366419907352073 -0.139569211534426
0.0484259531752149 -0.149130357784113
0.0533280829676363 -0.152088820805381
0.0566058494211579 -0.155324243899463
0.0586055442085281 -0.153399803659999
0.0596212081315454 -0.149460386427338
0.0570881504345076 -0.150897439392696
0.0483785103720687 -0.144919678808775
0.0443619070518473 -0.138489518820042
0.049585748004892 -0.13405529799463
0.0504732435064492 -0.122723275753796
0.0441163798384652 -0.106210532350098
0.0359167798601519 -0.0953616215258054
0.0356808845416821 -0.102175510521428
0.0509833063488445 -0.125205104385041
0.0643427085046594 -0.116712168455191
0.0696180346379209 -0.0793462656090747
0.0805361929956278 -0.0630239029708316
0.0821336662805493 -0.0613017757318127
0.0728499483836463 -0.0698922999071981
0.0607039390019381 -0.0885500604299871
0.0598897827584705 -0.106324646196202
0.0652557575444438 -0.114955641426494
0.0725687289792025 -0.122719480983286
0.0806076775064171 -0.139738202290617
0.0801350448664635 -0.147271488437959
0.0764830007122687 -0.143428136112426
0.075538276288143 -0.136356785264684
0.0725830571179078 -0.129712513670097
0.074696207171208 -0.130697906166958
0.0759970543378903 -0.12970015975299
0.0775947768283963 -0.124423299191419
0.0824821428251338 -0.116558889809985
0.0885571410606552 -0.108392477749936
0.0930102238052108 -0.100821105222015
0.0956269219075619 -0.0912884044315789
0.100261649761613 -0.0810126617128758
0.100206241368252 -0.0679413415240191
0.0855049704527387 -0.049353295945944
0.0595821189025475 -0.0320451179539597
0.0393684510829164 -0.0219137618360054
0.0301399563192443 -0.0190613000249646
0.0226636479102015 -0.0204436142983702
0.0102601816887942 -0.0283331927847634
0.00218829854097331 -0.0356957869832954
0.0157689639748214 -0.0453854001551134
0.0421930886649898 -0.0567695230622857
0.067807194669262 -0.0740956538108419
0.0880477405573803 -0.0902079648474365
0.102640391349078 -0.0918874434019698
0.104534133863214 -0.0783129470200593
0.0982233106491425 -0.0601678627426606
0.0949582695170087 -0.0487272821898238
0.0869678545948791 -0.0247905636301874
0.0562342844760001 0.0274598853183953
0.0037124103353051 0.110211296673173
-0.0622048694210474 0.213991760553112
-0.142959417754615 0.312263054399697
-0.230708295195333 0.37692806280672
-0.302792900287253 0.403790487752191
-0.351948597389873 0.392688022989847
-0.382796310892234 0.348029764648281
-0.397275829249211 0.303281981845257
