-0.625792681055026 0.0897591991897554
-0.687175136402359 0.176965291050802
-0.702765681896883 0.242546671742148
-0.665637778827093 0.274716198451558
-0.570716824965903 0.269407050331911
-0.434411789498557 0.242645828636006
-0.304704340532404 0.224342215824176
-0.196762964809114 0.20272954300825
-0.120379785427097 0.163569827894569
-0.0953760808362889 0.133725961506317
-0.104584658537833 0.134384337547828
-0.110488034924702 0.131335226704061
-0.0931907278647606 0.099259153594162
-0.0613353995970784 0.0492115260517364
-0.0200258154736482 0.00180619574919182
0.023020489442829 -0.0350058672263659
0.0443651429765214 -0.0544210004732778
0.0383523038441045 -0.0513912662957484
0.0285963370758476 -0.0434259469837183
0.0392895179172391 -0.0489547549661257
0.0715406812195473 -0.0683408532229978
0.105578001591401 -0.0872801768926169
0.125175284735902 -0.0911469762314588
0.130934138305178 -0.0859947865941936
0.136119192639118 -0.082753439612124
0.153653519094835 -0.0831066966682242
0.179631466702229 -0.0846188889143861
0.204913747380838 -0.0877816923241594
0.22056431204042 -0.091918378877357
0.238310118789282 -0.102124586036879
0.254042055086163 -0.0961165387724544
0.267028421100769 -0.0729648583996081
0.279510701875972 -0.0636102653054541
0.281101595346228 -0.0664865802428068
0.257559891216343 -0.0676781806783276
0.224054906856946 -0.0521396023652103
0.209596397685435 -0.0410936397838161
0.195246010823841 -0.00731501826692047
0.157013563171804 0.0521776240695966
0.0910194454274798 0.126812222667488
0.0204559187792505 0.199570215282751
-0.039345652050246 0.253499019199063
-0.0980157284163605 0.272050958930039
-0.166742644029194 0.260105919511354
-0.238618288582887 0.225407327993693
-0.295969157298959 0.166364445607115
-0.33759812519223 0.0902425671383262
-0.367277137410128 0.00441399052758534
-0.386057641243924 -0.0856433843177729
-0.397820685829752 -0.161259506101488
-0.418257395859975 -0.190983280888454
-0.440215063020897 -0.183173315812621
-0.460724174622545 -0.151743942849156
-0.479606181510622 -0.109614922635929
-0.507165849845809 -0.0522666172050276
-0.536447893665529 0.00858613171778771
-0.540322809199718 0.0394060670449623
-0.515019800351889 0.0389050588304602
-0.453777873258147 0.0130083438489978
-0.34811084239176 -0.0292830640770124
-0.23705662696774 -0.0527022201224781
-0.184869277912679 -0.0236711520199845
-0.170348436733693 0.0114884554380751
-0.165097639400701 0.0301154675191683
-0.139744856120895 0.0211822103957491
-0.0731811943065339 -0.0190224135729957
0.0382906891536392 -0.0866843400533256
0.0962208855715748 -0.0825511618597098
0.123933223161833 -0.0716176610564057
0.125685932482565 -0.0564133678307504
0.0971474722985061 -0.0193827371840162
0.0582618634114502 0.0213936402575388
0.0361399129986838 0.0512995460712409
0.0411280541692622 0.0669398035572386
0.0505601795356648 0.0711479560372586
0.0434874042381168 0.0650058703741645
0.028677126386757 0.0477012155466605
0.0206847441846141 0.0276301653500337
0.0184025202576947 0.0281309755874099
0.00622651996864036 0.0601117557685585
-0.02918957375514 0.0971781509928979
-0.0764895869231306 0.124465766085176
-0.109820813543112 0.132692661145164
-0.115237706307979 0.115392812424388
-0.117413450291142 0.104824914757989
-0.159489406462827 0.159524420906041
-0.221615040343954 0.256212362135436
-0.277901615484604 0.352089641314507
-0.322891220992285 0.421896750398974
-0.350737670587166 0.451946279302123
-0.385407596063202 0.457480261851341
-0.439259959119954 0.459023465508102
-0.476465760320904 0.423466527288777
-0.482361073695767 0.345062929486882
-0.483496171483258 0.254560192690638
-0.501431537918831 0.184753157547325
-0.526778180945481 0.113196312605693
-0.514871342914739 -0.0194537969556758
-0.488516085503242 -0.146216305882117
-0.519465688854507 -0.14976977667205
-0.611422938782142 -0.0184939616439137
-0.664288614866949 0.0820343614767781
-0.674663555072148 0.14593432404794
-0.644052116221052 0.168033532508764
-0.583712916993009 0.153763227503105
-0.486961573868196 0.109354822609614
-0.353063377436419 0.041032511333783
-0.20701627613677 -0.0337276353359949
-0.0944651768229554 -0.0797970777157813
-0.0393457497966657 -0.0860828127109173
-0.0330055754003609 -0.07962519370484
-0.0349321687439357 -0.0726956188827388
-0.00388118801001774 -0.0824116277105849
0.0460459827481761 -0.105729676817665
0.0736948772908503 -0.12288058398911
0.0854341441630377 -0.129764313952076
0.0891694401411226 -0.11996873564953
0.0878362142574517 -0.110740095079221
0.085509271442639 -0.113909332518105
0.0842530588947682 -0.123581018352863
0.0849125007489493 -0.133649387698043
0.0864157663772703 -0.140435725295113
0.0841292306300326 -0.142140034328525
0.0825148785966614 -0.143227376025896
0.0886223059267374 -0.146674555578006
0.0977980090103232 -0.148889107507286
0.0990630751427833 -0.143269930538841
0.0865994944153221 -0.124241265222007
0.0750996620725547 -0.107181609099882
0.0744957688941806 -0.103364214838696
0.0795167714184352 -0.105246162186864
0.0770583788200605 -0.107068552033184
0.0586274978523445 -0.100220975672559
0.0318118680928791 -0.0706417500492173
0.0143150520287867 -0.0292781260854501
-0.00409466074492128 0.01540515093248
-0.0486827935763956 0.0808775922649307
-0.132471468553356 0.176820684883099
-0.242358008039839 0.284779135866348
-0.350488883102135 0.379125180602683
-0.41397059059291 0.424422889358605
-0.419593896264847 0.405685271171498
-0.371324733745066 0.330740923774435
-0.297972959109645 0.22729850879176
-0.240778791198835 0.141455511138425
-0.191435787584555 0.0592885465115284
-0.135009904637245 -0.0292544573147783
-0.134164104181096 -0.053259414833189
-0.188741284236321 -0.0297178722965341
-0.230151058487554 -0.010650224823281
-0.234136411662115 0.0172179374115442
-0.204398273466576 0.0536275748378782
-0.162876885775415 0.100920418323823
-0.148796520382469 0.162673962894187
-0.165721322668313 0.215593756576462
-0.194753184461243 0.258206328827698
-0.221218532953597 0.29663913120922
-0.252208816707466 0.329268583228612
-0.299891863864685 0.340142892596593
-0.344419319357025 0.329340802730779
-0.363019898832595 0.299565764775794
-0.350460904684893 0.24138746931139
-0.325687958582601 0.154114307565322
-0.301688049182625 0.0521391102995447
-0.285013044116357 -0.0411242389950106
-0.280303726139676 -0.0998530483523419
-0.283269673149896 -0.136931381440807
-0.293560981087044 -0.153867531666088
-0.313157868510456 -0.143902044949607
-0.322510399588015 -0.145507402710538
-0.334163602072642 -0.15622851351903
-0.316585826759515 -0.186209404811152
-0.299425834419242 -0.195613213396141
-0.299940776094736 -0.180438522364304
-0.309749308201499 -0.15924360099559
-0.318890510219902 -0.145119303548263
-0.327265836802571 -0.148849276075573
-0.355303390244429 -0.111719134028106
-0.40827261734263 -0.0262446656486209
-0.460967884802827 0.060453109523137
-0.495827825062745 0.121518165965685
-0.483299045819831 0.147654577725997
-0.38322021548414 0.123613865405169
-0.233737391041649 0.0666353303820167
-0.10731910325521 0.00171152348888101
-0.0340586085968238 -0.0468985020121933
-0.00187513098449624 -0.0777449940295543
-0.0288413828710985 -0.0438553902307356
-0.0288571408475655 -0.0417649357364085
0.0105608478153908 -0.0805775700125429
0.0314371123755196 -0.105454462627369
0.00047555197879988 -0.0918737909918033
-0.0292623265300732 -0.0803691200844105
-0.0424969018182599 -0.0633629124219376
-0.0374517027232565 -0.0379763501184453
-0.0384089175000795 0.00703230837921019
