0.0611967197866178 -0.0869822950466267
0.0910169248769683 -0.0977616652873653
0.110692072385423 -0.10427357114866
0.12213653359911 -0.109456145219888
0.121798679888342 -0.109142540924738
0.112779113271297 -0.0983356793389204
0.110418481319069 -0.0970445461078407
0.107153309951882 -0.0867221964383567
0.095514861200145 -0.0569410264955232
0.0776652713688264 -0.0131788118754845
0.0611637475255739 0.0297009562787054
0.0551459583279131 0.0543219664418245
0.0576648564782537 0.0733641909717857
0.0710868817426691 0.089891989945127
0.101131355920443 0.0748464123196257
0.127748189670111 0.0290576058023245
0.131152367188868 -0.0266979978916709
0.100049132915166 -0.0677076205812821
0.0560600569260387 -0.0727252473612446
0.0254738009021225 -0.046474558564382
0.0182515659634428 -0.0278269515328739
0.00784669054813518 -0.0295418856895861
-0.0132947299483033 -0.048710176901545
-0.0395694015481671 -0.075921429078786
-0.0498552572364284 -0.103283277138766
-0.0452191444882477 -0.121025525816535
-0.0459522779216309 -0.11143953778979
-0.0484048687516606 -0.102061692750251
-0.0515705994056462 -0.0982944491532246
-0.0510959594444742 -0.107660920320894
-0.0572600461113915 -0.0900170054200075
-0.0612701232181972 -0.0616563090539261
-0.0566658079215893 -0.0533862695521495
-0.053313578503118 -0.0511985984975166
-0.0550706203132994 -0.0403008232249394
-0.056456286781479 -0.0275729561752842
-0.0527935707676085 -0.0200638640843352
-0.0396306610453349 -0.018425218695887
-0.0127463913866845 -0.0314124516812905
0.0221591775001959 -0.0490954571046531
0.0374686080833542 -0.0401282236873638
0.034328166965559 -0.0329177868821063
0.0253501367859984 -0.041069906819956
0.011670052711375 -0.0492505819789575
-0.00788017466547812 -0.0536196194047786
-0.0312855054421117 -0.060665664683293
-0.0419703068140318 -0.070212237316375
-0.034038065322212 -0.0860294802784535
-0.0315499641942336 -0.0920624623589424
-0.0445051284495362 -0.0827582268991586
-0.0518195391068482 -0.0668501386700816
-0.0378966115934859 -0.0604270949469708
-0.0389054989282874 -0.0400788439610621
-0.0525190455411219 -0.0244841891493719
-0.0725826302868136 -0.0114125036110424
-0.100509158825871 0.016247864967224
-0.146628817907526 0.045077078106739
-0.198808377495912 0.0429418126584073
-0.235009510370863 0.013181813682722
-0.28332611228581 -0.00692340695298971
-0.343917568985632 0.0112269440750072
-0.385576717783541 0.0267192485929533
-0.387616865610313 0.0215260636023325
-0.341384188691611 -0.00656997301911006
-0.25209754927276 -0.0531217485331452
-0.193040565452185 -0.0771068973179792
-0.187975426433612 -0.0731483320323711
-0.201703487564401 -0.0378362976173748
-0.201609864424199 -0.000207692517982816
-0.192940391944967 0.0190187580207473
-0.184669666073621 0.0168438871174373
-0.151220668451538 -0.0351704217488511
-0.0947976358211071 -0.107250923722726
-0.106803094030344 -0.0472336377354195
-0.143982896075309 0.067543127791024
-0.176227286595302 0.156760864655394
-0.228511785852491 0.183938442089117
-0.28498186222086 0.156720604137947
-0.322870187320412 0.117607949812707
-0.340571922629602 0.104389599488734
-0.360831596263714 0.121137780034867
-0.390635194176497 0.164306668396565
-0.426303832724609 0.210336369106705
-0.454730798807297 0.232437588886351
-0.469176536154212 0.230084845476341
-0.457633807110292 0.208909969838674
-0.442955051783886 0.190045302445789
-0.436105189769487 0.183378954464119
-0.431021341789218 0.188054015151304
-0.432306453546443 0.207293760542615
-0.453549887572428 0.247211314200781
-0.511492992092737 0.305184792842824
-0.593347830521432 0.358442044187864
-0.648922429018626 0.356549710083741
-0.654624708151873 0.293900824454146
-0.619432887335649 0.182328580755354
-0.556709618256912 0.0237461921620169
-0.488079000769708 -0.133882295577505
-0.46972822190307 -0.160529125572979
-0.507319995760624 -0.0738927658739989
-0.541410117360773 -0.015889521726415
-0.566378087369924 0.0225435769929398
-0.547902373303682 0.0347328081405565
-0.48738210912992 0.0181048230289501
-0.429011299734193 0.000751841785755309
-0.38157754147268 -0.00687585852561547
-0.327769051812407 -0.0173012278511444
-0.269808988881782 -0.0380211250956373
-0.213536163900848 -0.0676224387999636
-0.161350710443836 -0.105072314558822
-0.127165518888723 -0.123218911846748
-0.141194559329085 -0.0633520312685664
-0.149693569742708 -0.0102328790082985
-0.13936826896872 -0.00419997087576806
-0.122289990014807 -0.05975260369026
-0.152850929348456 -0.0991062195984919
-0.248787023903756 -0.0514237408817343
-0.301984420114112 -0.0254737430196421
-0.292673282546842 -0.0337905978386546
-0.22499389437967 -0.0599819980055839
-0.158461544549522 -0.0676212309290918
-0.128484224856785 -0.0375786606106991
-0.137460551724929 0.00301598569781463
-0.141653497070454 0.0221083936389553
-0.127714496834716 0.0134910013560617
-0.0967397275939006 -0.0240724162988231
-0.067241145807223 -0.0882363271475444
-0.05594451123125 -0.144587891670629
-0.0882200707791642 -0.102246349694071
-0.112869100832569 -0.0462737725102664
-0.137647212650177 0.00295457605866199
-0.173237826804715 0.0391817764928453
-0.184960251537323 0.0540626812060029
-0.152594718989078 0.0358201995434273
-0.100247211188411 0.00113839596705394
-0.0619067413800162 -0.0425605596331993
-0.0428598852095211 -0.0933572547055403
-0.0370045802748243 -0.127459281844292
-0.0357731081746244 -0.138696441674304
-0.034991415210376 -0.141112830894602
-0.0298315882819148 -0.142121081698501
-0.0151874504331173 -0.14359450495404
-0.00808453882477959 -0.128030759967777
-0.0142927739939069 -0.0979864088866693
-0.0261844808133326 -0.064013590634763
-0.0383727455768509 -0.0388678387264683
-0.0409188518183205 -0.0353740535850675
-0.0343456173385119 -0.0452720738282948
-0.0195503207450606 -0.0604547182699225
0.00133259291388973 -0.0794739180071745
-0.00479840630552098 -0.0615631718979793
-0.0316542709815709 -0.0224910739485378
-0.0731419204368228 0.0125759436048065
-0.124185604473243 0.0428678452250836
-0.165978629567191 0.050135587049669
-0.193684302805441 0.035823727513098
-0.193552491926155 0.00665088860456078
-0.160826458284346 -0.0490205510056245
-0.148458305306693 -0.0663017486650467
-0.159011623368278 -0.0400542571153373
-0.163062021139732 -0.0200392940506909
-0.158175766974706 -0.0217584738327185
-0.140767373621834 -0.0477175191542681
-0.123379070812761 -0.0727181356764554
-0.133674342422986 -0.0533419588581713
-0.16703759299173 0.00869540002773892
-0.191010319512244 0.0749062923967028
-0.183315976817179 0.11908554890931
-0.137134487543229 0.126827246787312
-0.0677804783899921 0.112227500400381
-0.00227782463276435 0.10341456889654
0.0296314334794888 0.132024504342822
0.0399571444584498 0.182778690878356
0.0523689703613939 0.220666340533968
0.0914065852891637 0.224575480162385
0.15982859017429 0.194989287791882
0.232134616971929 0.161395121192568
0.30602664125441 0.135453552011573
0.347785799874261 0.126573493626239
0.346007552118647 0.129578401582825
0.353872525397068 0.107572243037768
0.384900108605326 0.0721118198810081
0.410840639444258 0.0228371707457344
0.426696204456427 -0.0251560776808993
0.432163506014955 -0.0546481054382266
0.423821693268672 -0.0512535861142087
0.405700528182331 -0.0284132869805519
0.385514514615915 0.000883059189545011
0.372560323700652 0.021863747453783
0.367090485400595 0.0326672547243172
0.369353889428356 0.0404362214033442
0.387898745862093 0.0406403318050597
0.409134542095773 0.0444562574153704
0.409569487376653 0.0653285815983571
0.402180186547485 0.0850027428517991
0.386597258012234 0.116525087268752
