-0.0955565339368575 -0.0792313534988867
-0.091194439304601 -0.0692394956993191
-0.0832887135630328 -0.0591386977705125
-0.0744501036343687 -0.0443103509111125
-0.0700297630293577 -0.0164399574619038
-0.0620530317924397 0.00848711950742936
-0.0442315513054428 0.0187099070735444
-0.0130813598355518 0.0050212187940345
0.0231866102510891 -0.0195219095918994
0.0568252598072013 -0.030925114019496
0.0958215206730565 -0.0392603906613134
0.125885007955247 -0.0456038582676347
0.143128505901368 -0.0501425666390375
0.125507770960452 -0.0139853426320501
0.0967156489354243 0.0356779673375313
0.0770704224410241 0.0719670948360543
0.0701527366672622 0.0904497343455407
0.0701772557315375 0.0912891937241226
0.0721865620060801 0.07779625773386
0.0705628448640595 0.0551608122978901
0.0635087371355766 0.0276018303374756
0.0435112481304146 -0.0037686996464567
0.0091398312768758 -0.0139578837552143
-0.0357623500990636 0.0109776159644773
-0.0640153845475712 0.0359670130781218
-0.0645421295681222 0.0405457725853901
-0.0324334141737383 0.0290329544488817
0.00745731564961063 0.0390115452137091
0.0467501221909353 0.0494883257654369
0.0737827483582641 0.0521515975520401
0.0992110582090339 0.0434392686216145
0.140053580837251 0.0184746743265224
0.186818881156853 -0.0156476165472306
0.217471238693986 -0.0402051921417392
0.233143349204416 -0.053185942916103
0.238507673647935 -0.0515242238432367
0.242668778033591 -0.0464727233016687
0.244204267235081 -0.0371822448898674
0.248991129179284 -0.0309979717256041
0.264530964833353 -0.0342457624422722
0.291265676115023 -0.0452329657549822
0.323674054294426 -0.057737086296078
0.350442781958186 -0.0674286269220135
0.364222464672572 -0.0703930617847372
0.362907844318171 -0.0643339281260738
0.36350303715873 -0.0674973056820198
0.362059441648594 -0.0640631526779116
0.360765775422969 -0.0494184094700179
0.366381446515166 -0.0358250914356828
0.373478082316911 -0.0277473219636834
0.383602572222613 -0.0297809223082027
0.399273675767085 -0.0395748809712883
0.417549121397161 -0.0451381302194398
0.429168109411153 -0.0412190689160546
0.435627234301254 -0.0296994632746808
0.445611474551174 -0.0265760109035774
0.453699682147734 -0.0211794153425963
0.452515302007898 -0.00497312919279071
0.455349032551091 0.00920987313561286
0.470806821853299 0.00847706868472123
0.478173905958858 0.0114806361125098
0.486584913631141 0.0116651361962813
0.501057634928685 0.00532467793521276
0.514733578399962 -0.000560394678782763
0.515398778573268 -0.00187635269490258
0.517940721082921 -0.00510777838887425
0.520642220486222 0.00430228103785931
0.503798221658993 0.0567883378664263
0.487678444925529 0.113995342258629
0.497184779556537 0.14003079531642
0.52685695733127 0.123760897679292
0.559936351830295 0.069550740442396
0.59094791554742 0.0253534005167303
0.597047695926059 0.0430321725174456
0.590033925036962 0.0797600557680348
0.57643414516026 0.0987407585726277
0.553320666049867 0.101138340193739
0.516507136525059 0.105968508870709
0.483154832023166 0.106480703165341
0.475227031961066 0.0855024488956552
0.484552828155608 0.0537480358011525
0.485825890113684 0.0330075111243388
0.478392029710845 0.0108096808352527
0.457389419314643 0.00172263308969301
0.436185773283828 -0.00476612268111655
0.424811770171551 -0.0144835727363514
0.422463598141217 -0.0220826852290607
0.42680160981312 -0.0291626590439373
0.432300274231238 -0.03572144204074
0.426714099714075 -0.0250799569052223
0.402870899060293 0.00625826344825991
0.365835836275952 0.0501523733446752
0.330203937210725 0.0970268947554219
0.302837331482451 0.127444987420168
0.281200977994739 0.130689640283214
0.266906965097249 0.101752021819624
0.258262052092885 0.0528892734733988
0.249985112281727 0.0142014414885901
0.255769816321273 -0.00727802973126582
0.270331489333784 -0.0159195492955432
0.292231966154646 -0.0195374105986766
0.328047277450531 -0.0293685961812577
0.355899030423728 -0.0408977980090704
0.368812366816684 -0.0573868901652142
0.374496022773149 -0.0718553710867467
0.371690604494597 -0.0663137189072464
0.37197276777047 -0.0554874094956695
0.375625853515134 -0.0472683387688316
0.382658498805911 -0.0410299403111621
0.384680711251031 -0.036930303718779
0.393459953138753 -0.0389260929209286
0.403822252937044 -0.0385914909567603
0.404053498470342 -0.0252915515701009
0.39998785953865 -0.00531944300956449
0.400495351170773 0.00888397305030263
0.409583835875432 0.00761317559128011
0.431665675821988 -0.00961713282730602
0.460237944136516 -0.030514890611787
0.487106258913202 -0.0452416042294132
0.502231661273294 -0.0476946079425874
0.512166889496753 -0.0509845216214547
0.516243871722651 -0.0537196411611212
0.510381680797713 -0.0400176561710196
0.508358474431023 -0.0294761410257661
0.507622065374032 -0.0208813194093777
0.507439000190504 -0.011350707537211
0.514402379774056 -0.00751216819080762
0.528475435393582 -0.015000043711738
0.543014512523096 -0.0252727330945104
0.55889902537582 -0.0327096342118701
0.576672460120106 -0.031686872613708
0.591039594059776 -0.0272403193603835
0.597816932419132 -0.0286393098886643
0.603191096854201 -0.0307332794989479
0.609184145670509 -0.030691578097229
0.614357019038555 -0.0319252262971139
0.615678897821045 -0.0324140691541664
0.612714982908498 -0.0340366210964471
0.607253993528101 -0.0370108222589448
0.603800631477032 -0.0403996298253654
0.604771175943967 -0.0395695586279169
0.605530863249643 -0.0319182546680668
0.603528763538472 -0.0273843951836684
0.600238152843255 -0.0323206830053467
0.59265514632643 -0.0360353573071016
0.578935027925052 -0.0264180615122759
0.569505942473956 -0.0188156644470295
0.562543938392521 -0.0153485847219978
0.5606254963575 -0.0163750015260722
0.564504159239084 -0.0204201027132237
0.564782441203225 -0.0200650577481196
0.552620885058271 -0.00716169746699682
0.541570601485425 0.0108404426171052
0.544391190573446 0.0204219080576658
0.55750710575591 0.0207554815976546
0.579749552366375 0.0127215773346252
0.609315258738796 -0.00397434913298217
0.632603058747012 -0.020566355907706
0.643343676230878 -0.0281206543813214
0.646258933447438 -0.0296195470695399
0.65301966471069 -0.0351979651549937
0.662711655009803 -0.041697327850507
0.672073915027815 -0.0424294142742
0.6782328555279 -0.0417895084906263
0.677735840493759 -0.0411554958232263
0.667872592490492 -0.0351009349701481
0.657276844392675 -0.0268873424271618
0.651639107626569 -0.0199088869872487
0.651561455787394 -0.0161245245932998
0.655452197022383 -0.0149610398639719
0.659793384652546 -0.0108718975622541
0.666262446623964 -0.00915948774255207
0.672661974940513 -0.0126982786753575
0.675775280934149 -0.0186239404785037
0.67912512093242 -0.0231622703050713
0.690646097833893 -0.0302827934940994
0.700443465806308 -0.0311861270728617
0.706065415087714 -0.0337288367654652
0.706140567631196 -0.0283828744142574
0.707923578401794 -0.0250996722079896
0.706775985688675 -0.0215493675970091
0.706838263428731 -0.018785298552707
0.715236623473121 -0.0201671951223321
0.722410027466857 -0.0170626029467726
0.725733505026124 -0.0121868469102359
0.727037796637198 -0.0112063379597223
0.725962261382355 -0.0147204025571957
0.720113429243058 -0.0206137363350742
0.711305341143643 -0.0187608473581992
0.703896415242242 -0.00410974305687998
0.704427681945032 0.0148383633135236
0.705697260621394 0.0306276684699419
0.709501666139939 0.0318292884631433
0.719029707332697 0.0138031804963612
0.717457945844786 0.00750644358126218
0.706487985533388 0.016302804371615
