-0.0783179677540919 0.145527661850175
-0.00934361090383698 0.0778630457829798
0.0224923678695558 0.00623464412351631
0.0201099802382139 -0.0501595563818654
0.00365441411915684 -0.064593843898308
0.0115512745155556 -0.0836277538651842
0.0215741803696673 -0.102402787504692
0.0176966152399422 -0.0964644342089633
0.00752342540594511 -0.0963856591020819
-0.00792053675707307 -0.100256062385034
-0.0156288561437719 -0.115130731438152
-0.018871439917022 -0.115817398264776
-0.0281696976304801 -0.107210589524642
-0.0514081438432714 -0.0905070355185962
-0.0990455876134794 -0.0314914416146661
-0.164834451706251 0.0749959902483348
-0.232292669568803 0.180476052891888
-0.272603364702304 0.232004473155784
-0.27605926036987 0.206359177254659
-0.25850103572102 0.119073761309411
-0.225661569094356 -0.0150543760530191
-0.2533573789322 -0.0562838219882103
-0.298924036553333 -0.0472418516197352
-0.286627494691058 -0.0926366184187278
-0.232940135054051 -0.164348741746316
-0.223872529179039 -0.132207703932145
-0.227846648286931 -0.0814389220850991
-0.216832822884237 -0.0953199895853754
-0.214737726942095 -0.136907996720091
-0.279189686255073 -0.0792221790049317
-0.352946942790932 -0.00983858633570076
-0.381393448198167 0.00204762799631879
-0.355951315654669 -0.0427345958050023
-0.288823742866068 -0.123741988885778
-0.255350841482488 -0.146423889099084
-0.290624697564963 -0.0680441411258661
-0.328146029079407 -0.00184784370112721
-0.36262034235987 0.055055895891861
-0.373173338675387 0.0801914015762147
-0.370199507121753 0.0968836447922653
-0.356514407249564 0.10427519646874
-0.349832457787028 0.12473980797848
-0.374521854011951 0.18392251503196
-0.406230721898902 0.237423064960921
-0.405269150816789 0.254453154208689
-0.359994677671816 0.22015839575895
-0.291777261053779 0.15010782177387
-0.238963097298593 0.0774188629779212
-0.205873938561193 0.00427895737349102
-0.185862366130366 -0.0575721043906099
-0.159137184046342 -0.092513810340985
-0.12247411624791 -0.127890725719123
-0.0927525778812069 -0.168069670486101
-0.105513423515343 -0.151875838855244
-0.13237948893112 -0.108514818072008
-0.147527609202321 -0.0677250763951258
-0.162110390527272 -0.0355780587524126
-0.175493163853739 -0.0167150660524587
-0.181557130230641 -0.00135123904621727
-0.178398000865078 0.0046866763146386
-0.182374161539544 0.0117990451877873
-0.191817253365179 0.0300780398119732
-0.19414503240248 0.0449635646772208
-0.181521277185406 0.0375176757376965
-0.14879692369665 0.0122128334055858
-0.0891757829710796 -0.0239354962360492
-0.060067768132939 0.0127310644155682
-0.0833767207023102 0.121793835435702
-0.120603039075831 0.208866371676366
-0.141413986994804 0.224629438354189
-0.143623282055648 0.166427301065017
-0.138511279544427 0.0467431664038561
-0.131505156452588 -0.113288769482926
-0.215231411324056 -0.0961407968498039
-0.299535946156617 -0.00675832348484924
-0.329119181713989 0.0352088806028251
-0.326261854618854 0.0484577703205067
-0.300134649088915 0.0633309421264198
-0.261357953371556 0.105882838174832
-0.24802872698536 0.163689781142801
-0.257054721974207 0.209837049686913
-0.273538837848948 0.237139005034495
-0.313439202260129 0.272751051348285
-0.365703989184178 0.291108405274085
-0.420312635149545 0.283570970191162
-0.452086996948923 0.255565717019657
-0.432019248273995 0.21004593523801
-0.399124486208068 0.198351379397684
-0.378010333124167 0.223032530267864
-0.394868402755913 0.288399653129831
-0.437348171685244 0.36057225072432
-0.481603503662562 0.402953650562472
-0.513347748846258 0.393606899857845
-0.52599680391303 0.341023537417009
-0.522183355757458 0.264758618455703
-0.515807700572644 0.188586393866651
-0.503067764409794 0.119227552976192
-0.484243367869895 0.0441203088849258
-0.468288395573782 -0.0412074348338182
-0.463851482430621 -0.117463328114065
-0.460445223784609 -0.156663322297035
-0.454787772038209 -0.165799089389701
-0.465704676818308 -0.130868729908638
-0.476529328835659 -0.0982677505311558
-0.490127472219153 -0.0758547717599167
-0.48793274243801 -0.0664738904535046
-0.467832924756457 -0.0669047886720326
-0.439372968427929 -0.0703274816627582
-0.405945258535021 -0.0830207996593333
-0.378146775454138 -0.0889328032022434
-0.354880450562721 -0.0836156341113475
-0.34149527912494 -0.0764631393989639
-0.318022476983768 -0.0906078257038551
-0.289080019588524 -0.1166153921485
-0.295887935726055 -0.0933616573236022
-0.319307507815889 -0.0576627744657179
-0.331031392987058 -0.0335103045566997
-0.321030120861805 -0.0279898190067255
-0.291388458034791 -0.0463152500639465
-0.248228305308199 -0.0818722915188779
-0.206179051680343 -0.108439329726385
-0.175811580046504 -0.11269258655625
-0.164560816416855 -0.0885714328739826
-0.15994436391956 -0.0582439253588807
-0.149755928842625 -0.0381013441534436
-0.140640618133602 -0.0251393509398656
-0.123375788030354 -0.0299741648270193
-0.0932501167747817 -0.0484434374069509
-0.056022670525956 -0.0686024872407692
-0.0279327280675566 -0.0854734040527621
-0.00605698915489371 -0.100173280107778
0.0156261714265011 -0.104324070789546
0.0372674561940609 -0.100073787020507
0.0467695090724727 -0.0882868505481446
0.0502155754370799 -0.0884143478751285
0.0527763056907218 -0.103959735053446
0.0606282897151613 -0.115515213939668
0.0637682438861932 -0.107015040987018
0.0484183661661178 -0.0758034672836437
0.0258002764710158 -0.0369742363477724
0.016374127005878 -0.00998473631682938
0.0175297199913854 -0.00585026801475343
0.0368603053944319 -0.0274226194878135
0.057907689954559 -0.0584433581174584
0.044540007354936 -0.0629874625487602
0.00258339516403896 -0.0425945170951274
-0.0448956420575748 -0.0108091219682601
-0.0714209662779328 0.0146383573845828
-0.0749032391874746 0.0126867693288698
-0.0537974934125256 -0.0258678099764101
-0.0173435818076037 -0.0791804055007993
1.24325348935499e-05 -0.0854140801667909
-0.0118451747538009 -0.0399903961481167
-0.0249023953346707 -0.0264730363801498
-0.0321268531976654 -0.0648306688910582
-0.0376833219146487 -0.123772832008535
-0.0500796438485846 -0.140157050034087
-0.0548314348892424 -0.132805873701836
-0.0570341322117451 -0.122338996202735
-0.0857118313668012 -0.0817008900322798
-0.12090569610298 -0.0322039448382298
-0.139695897818086 0.00902936840381532
-0.142293598821081 0.0401444738936801
-0.141899086813748 0.0570052754549128
-0.147268614920385 0.0631876145661605
-0.154950275440881 0.0611001893947854
-0.160324112422687 0.0497834166736978
-0.161668512456881 0.0257469472775837
-0.162924081832569 -0.0134085372644028
-0.174096430526663 -0.0535610550156406
-0.201749242776476 -0.073052195667821
-0.23548013671624 -0.0636791714790064
-0.267577339995378 -0.0340240207031477
-0.29146299378111 -0.0091981982368201
-0.299693203632893 -0.00732911905313908
-0.285579652275042 -0.0288669223904334
-0.257817109773959 -0.0687951609687948
-0.274751537542187 -0.0535813733892975
-0.303216918852956 -0.035043872700055
-0.311614204623495 -0.0449613882796413
-0.30481757882348 -0.0702574114972532
-0.296745013828503 -0.0991614652192036
-0.28037304410838 -0.145954639267185
-0.264821189966991 -0.17053000183883
-0.236443749783595 -0.187677603559094
-0.21799174601018 -0.182776208735355
-0.216470054558201 -0.173136606388912
-0.227971457932738 -0.159549700067822
-0.234008085292919 -0.153562542751605
-0.233188588110041 -0.159861397503957
-0.243780446046343 -0.144166008510338
-0.252515465596775 -0.132921460945137
-0.271061881620761 -0.115468634652481
-0.30746661074412 -0.0676695037427401
-0.338835381860479 -0.00532003057906641
