-0.40490158084391 0.0109574733413181
-0.337316537284113 -0.0977277093016164
-0.0718224729195666 -0.103033149982537
0.146994532136729 0.0323350264421136
0.072013017012122 0.0370011399886779
-0.259250859910262 -0.00198471475039279
-0.601267969815805 -0.0553354210441834
-0.738198974061855 -0.0860141234150356
-0.721143182415634 -0.0976283486181703
-0.601199904644363 -0.0937856234088085
-0.429468450515262 -0.0780934745421709
-0.257048129795553 -0.0541594287734784
-0.135038252252457 -0.0255910128579519
-0.0422781229146451 -0.00973760671194478
0.100698374146779 -0.0235724267723947
0.114303475332885 -0.0402708256093121
0.0831195168440836 -0.0237046255769387
0.0931443559395668 -0.018847017845129
0.100317074251371 -0.016666119307609
0.0659849777002818 -0.0117651739042399
-0.016298155887181 -0.021116890374922
-0.219868184579176 -0.0920765437420174
-0.15545514800295 -0.0877919095388856
0.129451448448637 0.0464130796899628
0.187230409024255 0.0580775027095409
0.127467975845861 0.0356368095405813
0.104530694112174 0.00666909888146945
0.130980596467955 0.0139957330691899
0.138471357737268 0.0179816474429197
0.100313896788169 -0.0239488489377151
0.119002645791899 0.018443238959256
0.147920867117979 0.00393541062548835
0.169347980129652 -0.00946183633163724
0.178351006192298 -0.0123160005360718
0.173127661177275 0.00178064484760691
0.161474756298107 0.0181401882835119
0.151189102768315 0.0220747182357561
0.143920011265132 0.0110697174314645
0.13721811140688 -0.0083461883430663
0.123652225556508 -0.009777125161353
0.0955384045078921 0.0215524445923147
0.0529231909841383 0.0679220188564056
-0.00414687229164608 0.111611095569389
-0.0756252425963542 0.134899172669733
-0.161465377206879 0.120065748095908
-0.261620733400113 0.0493903197863812
-0.342734454889825 -0.041463849997685
-0.372957910306143 -0.144933829084607
-0.339628059597016 0.0811370146647755
-0.374995832281338 0.0714297939354872
-0.361001001397244 -0.00875122544872167
-0.366387926664619 0.00881598117097911
-0.397753684884907 -0.117158348365655
-0.386689660231723 -0.220871044684919
-0.337460533673312 -0.122698321032058
-0.367516934893099 -0.110629433730928
-0.380749592686761 -0.128884149788029
-0.340920365792332 -0.0775538855874907
-0.379023243167338 -0.0973128019209961
-0.392459101516618 -0.0805357430521143
-0.416642146986619 -0.0621055025497405
-0.453558349244436 -0.05736188332204
-0.477062634840672 -0.0622911626970501
-0.461009930325929 -0.0728796180028083
-0.402681390848748 -0.130567411955091
-0.266340866954907 -0.142816006624507
-0.0744008656014365 -0.0838502077442692
0.0456459621691693 -0.0324256331624641
-0.0124727691692034 -0.0300866715095049
-0.0975910862069767 -0.0463667545849849
-0.0243646576838024 -0.0501244658905012
0.137793994832838 -0.014081457135012
0.109181820100814 -0.0189760892979457
0.0664449766357877 -0.0282485321812088
0.164374727882343 -0.0165208429351673
0.185684448053634 0.00999320781883871
0.137289412500074 0.039300744644848
0.0800222744144113 -0.0434344950565765
0.0346900165225833 -0.103796054480703
0.0255418782939887 -0.0689974804606856
0.0481896079410941 -0.010751290960898
0.0982449536763662 -0.000770003945713844
0.139013089782073 -0.019687708844079
0.133946741981095 0.009297740625903
0.106859458792755 0.00365272947709013
0.074502804339429 -0.0461301441532739
-0.168822370934754 -0.0156385326138152
-0.206047295907822 -0.0238082475626828
-0.219584959931761 -0.101069596423356
-0.23138430694462 -0.0304252532794862
-0.280031315283612 0.0538427628267009
-0.349802378114446 0.0632230422791399
-0.355392463904574 0.0284010346079308
-0.211496541121451 -0.0199378106568262
-0.019539665198943 -0.0280124487154885
0.0453063160519327 0.0625005635738021
0.127714938704557 0.037298003519486
0.153337785781889 0.000630888656453148
0.084917264936555 0.0410468216672425
0.067600276792015 -0.0222124525899651
-0.0340114702085908 -0.10639292206839
0.109521562832055 0.0228127463134568
0.122056200305842 0.0300028235990686
-0.0901692995822048 0.0144427398926477
-0.402837645595904 -0.119830493568602
