-0.348818053052763 -0.0372383474904106
-0.0527208629354458 -0.0321813234156298
0.120891387406835 -0.0538337819116997
0.11953838562664 0.0539592144342898
0.153475501196421 0.031601144520508
-0.0691687795427961 -0.045072657392037
0.136108457058881 -0.0387228901541278
0.0785697989359992 0.0107936206523185
0.035419480198144 0.0306751498521557
0.0393186128798261 0.0306098308838099
0.0752200892057983 0.0220033436429443
-0.238715670082781 -0.0350448059719256
-0.381428062867387 -0.0248397004082266
-0.296454133905138 -0.0314395056967317
0.136844476841655 -0.0373616032987999
0.102960365778078 0.018308869389122
0.161345803632357 0.0412905302678779
0.16139525183723 0.0332408038296878
0.15713171455347 -0.0137205161246927
0.158204797071553 0.00612974794451977
0.0376021926392679 -0.106821442322827
0.0948005337760071 0.0285573951030632
0.11563774115651 0.0208636653861381
0.0814144465791407 -0.0167795576144074
0.0674178582299158 -0.021799667283075
0.111116272432819 0.0380612494204591
0.159053360326686 0.0975367346017467
0.157772793050354 0.0913603303663397
0.145297383822867 0.0569664839329325
0.153242395977683 0.0461006584031448
0.146191734342188 0.0341666853319696
0.0879633015813242 -0.00396358553005766
-0.0706363658485662 -0.060116111140972
-0.163603688073631 -0.0822823344898412
0.0256317670383382 0.00375170595690644
0.108627101813901 0.0269197590979021
0.0663749479391452 -0.0118357637002281
0.0228427047297256 -0.00959952097838699
-0.0786240395353816 0.00505547983379079
-0.0495541845050208 0.0197439223837927
0.15753169324303 0.0247498399178737
0.279360562121738 0.0183378875872049
0.0526593905440676 -0.0012272794570428
-0.304564673720233 0.00247752552243881
-0.385376783056817 0.125911794726945
-0.345899238822571 -0.0208248971833577
-0.36656921048782 -0.076036687737683
-0.339902817837693 -0.0424544671231012
-0.304623714687067 -0.0335258360485447
-0.261160365272788 -0.0902282268659121
-0.187046951650272 -0.0410032804388578
-0.0906205168692379 0.0374744796397684
0.0193605609689898 0.03970879640921
0.0272266907981439 -0.0469219777560511
-0.0645227367124648 -0.0779291270553945
-0.124195193519789 0.048425162804502
-0.00191421345547445 0.0383770058982148
0.115924539760633 0.0579423007370558
0.144345005782854 0.0810009719671562
0.127754794576167 0.0541559607753756
0.107625515904143 0.00582601835303562
0.0997441516121773 0.00654108935071593
0.0915049005480731 0.0193700668023874
0.0703019615596343 0.00738184374202121
0.0694948806896082 0.00281820473666031
0.107950098911073 0.0338113414068628
0.164414499782987 0.0759495052500633
0.175388084401766 0.0601104082637494
0.171142206303721 0.0303490476262882
0.162161487812949 0.00971231161533945
0.146888086594767 -0.0157295845866782
0.123187177854365 -0.0665616204135448
0.119395036829119 -0.064179232158345
0.135528862780522 0.00994468923569146
0.0705950899084755 0.00226457552670467
0.0230515783430277 -0.0117799725452723
0.0495743608602534 0.0039880346012379
0.105948080329232 0.0193144803848641
0.147957379619044 0.00394524822423523
0.155216880572446 -0.0105538878180732
0.156592606423186 -0.00781361341966036
0.158519289323561 -0.00542540816204544
0.168924205723773 -0.023717110355121
0.163935762179605 -0.0238340279267999
0.17439455321157 -0.0519057667253742
0.126139291180145 -0.0379774252360643
-0.377870688280034 -0.00104495847690131
0.0369637330741395 0.036985933266991
0.098209911401185 0.0272479610827427
0.101198725502515 -0.00884767720349525
0.109579850273198 -0.0449699518988513
0.0673450953740899 -0.00235456873750785
0.03955737145843 0.00122619610551583
-0.11800480088802 -0.0340430921164016
-0.311489165908335 -0.078522376547494
-0.392476573076681 -0.0939868424027929
-0.168207226457522 -0.0166654687659044
0.0791955561899474 0.0378298694062567
0.172894299610932 0.067842322619493
0.162671298740715 0.0657499426653079
0.00257696555969033 0.00204994809294038
-0.170436184598157 -0.0805069728515728
0.0760798556463184 -0.0220554076907946
0.145649750267908 0.00255705763517482
0.115312167607015 -0.0195876610996868
0.116002181623009 -0.048130688131681
0.195536219838388 -0.0579209761406251
0.215755989661137 -0.0695098451904969
0.0385031984992392 -0.103448615345274
-0.124813724449047 -0.115093691981023
0.095998196918194 -0.0361702203002788
0.129343295016248 0.0481951378593012
0.0762116263883865 0.0282251345624021
-0.0938805474104025 -0.0949536427945221
-0.172423510243704 -0.133537744057763
-0.209671556138108 -0.112971862478861
-0.224365734760889 -0.0259756746757238
-0.1227274347881 0.00912956344658175
0.0307206545153834 0.00770455153255971
0.152012825484445 0.00320313053563782
0.234262414671729 0.0085587443588188
0.280047656744902 0.019901929031668
0.291946786371634 0.0333632205837507
0.272538038219591 0.0450731550446322
0.224399646956443 0.0511622684438778
0.150109847249857 0.0477610968110528
0.052246873767502 0.0310001761757226
-0.0356639889594842 0.00657082165900739
-0.0918388702277239 -0.0288545193835725
-0.121046463026518 -0.0742489278651159
-0.120573882891406 -0.109694787701821
-0.0877082453579269 -0.115274482809886
-0.0197366659616196 -0.0710703971055093
0.0527698019905171 -0.0271373636459909
0.0888714332393808 -0.0282781770743511
0.115869518680899 -0.0284135525273185
0.144303925643082 -0.00224298537880801
0.104206109944113 0.0394551373158517
-0.0229013525330326 0.0192720349305491
-0.0917406276364096 -0.0113681523773248
-0.156600395298792 -0.0414911185329947
-0.217036463938805 -0.0496525008710301
-0.204447029908337 -0.0168655069083231
-0.16435505377232 0.0231153383853458
-0.142283496095689 0.0365355100401964
-0.183755317443376 -0.0103595169135516
-0.28668888444779 -0.113169047481548
