0.0341518674265099 -0.0888646941114741
0.0725977000651903 -0.0414167582767013
0.10425940394376 -0.00317092394627884
0.128317744205283 0.0239905108222508
0.143953485992826 0.038185247971345
0.150347394449455 0.0375309894434611
0.146680234718234 0.0201454371810568
0.14131905393108 0.00423258109851888
0.144848713899646 0.0117375916898375
0.142939181671477 0.0213469128639204
0.140831452595265 0.0105007017806257
0.146857129023521 0.00274906745000587
0.107513511346083 -0.0526840572468338
0.0926116112659366 -0.0213849949700848
0.106739364677684 -0.0318288774418174
0.128465764635674 -0.0595774094601846
0.142065111894818 -0.0886493833295717
0.155292565221277 -0.109249690412616
0.17590328338121 -0.111583222071953
0.211652425140774 -0.0858548696702213
0.155529324636951 -0.0601883590762185
0.130550024266221 -0.00392784057078102
0.12651611002105 -0.00834287950254891
0.110291087208379 0.00398713518680707
0.0873122011811442 0.0188704384334911
0.124496250639022 -0.0338126873188653
0.124896072227185 0.0233157728583345
0.123901972162022 0.0445225465425559
0.139878033882583 0.0365638456291341
0.15208156171671 0.0304130238888595
0.147288576640212 0.0466425398134279
0.148690504555689 0.0794574479543823
0.146463543216833 -0.0327806270446353
0.16463280474794 0.0212491012485164
0.140550230530924 0.00946480650253365
0.110814590441186 -0.0109946358701258
0.115575956802272 0.0214145700772942
0.139331805831838 0.00491538745865979
0.101247372216743 0.0266757048542511
0.0575737931337495 0.046661328430392
0.0453857583524193 0.0408928035043303
0.0500631655143464 0.0181994921871921
0.0569859122611252 -0.0125892434098964
0.0515338962343499 -0.042644041175809
0.0355180197088431 -0.104006185341997
0.105998963726278 -0.0399530404746021
0.0812153288118237 -0.00495600363194264
0.1025687567675 -0.00917498225338665
0.159184445687907 -0.0284371447957468
0.0726320851422804 -0.0647687747784833
0.141080113007579 0.0380633323560133
0.178054378535184 0.00841126382510303
0.187658253075215 -0.0243561500457069
0.127860183617176 0.043221131217528
0.176751369156674 0.0169892891249091
0.0887575686403944 0.0300770906195512
0.0716709861604222 -0.0116057479873268
0.0759014007031145 -0.0532348223820463
0.0958065655883782 -0.0582118181056632
0.112789373189842 -0.0582834321090574
0.107171443617979 -0.089712117337717
0.0787827344236771 -0.150399270539118
0.0648893466626644 -0.178338291554174
0.102757381390667 -0.111522580223797
0.150944136085212 -0.0282821004772095
0.143681812701117 -0.0148223578585867
0.0820220313348619 -0.00333714371573332
0.118837639007135 -0.0109515309688243
0.162104187797531 -0.0259098831462307
0.141894639743394 0.0114203942150168
0.123909520262777 0.0378791357588549
0.156830435623905 0.0237063713906787
0.182703919530313 -0.00537493702731849
0.168933108403847 -0.0344686749541145
0.140663305916344 -0.0548751416773529
0.123039815739643 -0.0578946364846778
0.162224415860964 -0.023007141908385
0.153540224963231 0.000762100825614419
0.135585926034562 0.0222159303419878
0.118044340470468 0.0372241645136999
0.110598289666457 0.0416566212137158
0.12293059501804 0.0313831183150002
0.196463282727261 0.0212156820041926
0.188581404268075 -0.0325768010897141
0.185855210183913 -0.0419887436182047
0.157090831030204 -0.0344975573415797
0.129619499058516 -0.014950678412997
0.130772446520417 0.0118044570143854
0.160304594015549 0.0246006969005682
0.17610634596959 0.0101543428862267
0.130267233674686 -0.0221083567818481
0.12069818133925 -0.0132678179206487
0.00457592664060727 -0.0158573096742937
0.0331885686948382 -0.0331583182347612
0.0853010645074122 -0.0273949584101814
0.110881828099567 -0.00401358482878858
0.0922522739319118 -0.0518173169242649
0.0716692484919584 -0.100208981051116
0.0978042846565581 -0.0166261060634495
0.121127826119433 0.0400136156444972
0.106693401211154 0.0246391076709656
0.127526393118352 0.0559215800632613
0.164392415539756 0.0959239859902899
0.170700607296048 0.0911369822786677
0.159943966641142 0.0602493937688948
0.145615491828951 0.0219500453014713
0.141208181113388 -0.00507223828310277
0.160215032748365 -0.0021286321443273
0.17742162150801 0.0220002282585347
0.168932308335651 0.044835475984487
0.150218270739008 0.0645185886514292
0.136750686225801 0.0791910438772614
0.144000732303749 0.0869943192798835
0.156264433617964 0.0838307365812669
0.151060784688459 0.0690122338345831
0.133695417835315 0.0457947131545319
0.10947396537861 0.017434076655813
0.0837020596384212 -0.0128137735468741
0.0616853329348272 -0.0416929353388296
0.0340876589607094 -0.0555308874569077
-0.00602347199605302 -0.0485931204086638
-0.0497370027228843 -0.0295307497354499
-0.088141876007209 -0.00699489097861805
-0.112327034636451 0.0103633403204798
-0.113381421398035 0.0138928286204917
-0.082393979079386 -0.00505754161993447
-0.0104536504679272 -0.0551388859421507
0.0669843769584185 -0.0647152237303105
0.113066642569944 -0.0159912061586518
0.134606793851548 0.00162110354634732
0.13688018025989 0.00530764757655945
0.128003646904262 0.0251816569365566
0.129494491073972 0.0236713454862237
0.152568513153212 0.0200198197719214
0.192849358748162 0.029428288815935
0.0424195340468222 0.508485782254293
-0.141213622282894 0.969731181996026
-0.121282135254108 0.801191938854862
-0.0454600913557812 0.449695174982425
0.0533503115243805 0.102566384817355
0.142246875498672 -0.0528689372017041
0.179805589073904 -0.0504126297342091
0.16505350783578 -0.048300989328994
0.125765034514928 -0.0458602083814873
0.0897145718419802 -0.0424164792871176
0.0846765225475652 -0.0372959944413133
0.115894176171138 -0.0096506347712758
0.144196348406122 0.029129090831002
0.1307357312141 0.0313590480229042
0.0887780374080883 0.0312865869206953
0.0878647378292224 0.0747505653373293
0.106467164931089 0.0878325513322978
0.105806496415269 0.0503751085886739
0.10557382915752 0.0127228577442463
0.110478048205824 0.00340518514670832
0.0963887381215534 -0.0105963629271529
0.068497097036214 -0.00681952251019131
0.0794302693191814 -0.00256420222754561
0.108860500979536 -0.0386279886070933
0.108795199139868 -0.0405065205598731
0.0902314549743085 -0.0370313477071798
0.0587804400374636 -0.0628633206617476
0.0124520820729621 -0.0554138678424745
0.0288838424454075 0.0170787060770297
0.0936471669794799 0.0645953778646809
0.0954399326169215 0.053706683408503
0.0534248501609373 0.0264267929099312
0.0232100748374653 -0.0241613484175281
0.0771124376013238 -0.034009121332966
0.138590111212047 0.0239489230602684
0.155029264441613 0.0671241828439264
0.167142985915614 0.0638782435831068
0.147241823347484 0.0282445761999506
0.105224738661955 -0.0194304562739054
0.0921804582503051 -0.0453376264807212
0.104158138478913 -0.0460497081433739
0.114275677191755 -0.0421073913840433
0.122231381018482 -0.0352347833903875
0.127723556588744 -0.0271559913500645
0.13045051053219 -0.0195951224507322
0.130110549478468 -0.0142762838800486
0.12640198005723 -0.0129235828256718
0.125299196518775 -0.0208553493533117
0.130517451206312 -0.0370335618227912
0.138366337888852 -0.0536477998629386
0.145155450335404 -0.0628876431025816
0.14719438231498 -0.0569426711705484
0.145254795244549 -0.0516161859788126
0.142735995211149 -0.060475771092653
0.139889042988887 -0.0723574286208548
0.136964999351873 -0.0760971606722035
0.134214925074213 -0.0605309693554844
0.131889880930017 -0.0144948567794829
0.134944280978919 0.0261848958441986
0.137706994585175 0.026896121954213
0.122903920867422 0.0144464954728873
0.0944459403403121 -0.00479368821409565
0.0684232688288975 -0.0484953270451044
0.0684625130712124 -0.062946164158903
0.091082613363863 -0.023100291457326
0.11171228586976 0.0103718699766526
0.115371579648169 0.00923042174157992
0.109590887598457 0.00669766605448607
0.10356444164369 0.0342964827601216
0.123291872972202 0.00980790234246363
0.152831500426627 -0.0434705113246334
0.136559606558616 -0.00224434902737482
0.111414209998736 0.0246462693384653
0.0923166071764962 -0.0258812570534886
0.0723320507611796 -0.0530979573040093
0.0785786200022064 -0.0477443724590146
0.089200465690653 -0.0477644313285215
0.0830774970215627 -0.036649971705061
0.037302047103922 -0.0702497060440669
0.000438355087478453 -0.108819042523803
0.0343581813190469 -0.0578903900875451
0.0983157513794718 0.0167073761242292
0.124472531375984 0.0344276754389432
0.0772741036026108 -0.0357624566747259
0.0465280297988795 -0.0860136012646498
0.074683531262752 -0.0736247692718794
0.107208925249374 -0.0520455863883333
0.118837290969994 -0.0377249801877133
0.111525462449834 -0.0613282008104892
0.102887876566757 -0.0873408536661339
0.100746574504228 -0.0529206097767135
0.105408603943468 0.0103195629269246
0.103820958121327 0.0435172586044021
0.124618547231365 0.052942375161478
0.138328285025575 0.0635060138284476
0.0917071878139803 0.0214741206480231
0.0401557646084909 -0.0539280094667281
0.0464242530364295 -0.0841619540638472
0.111960816939664 -0.0403589254957978
0.153317014670552 -0.00372286396741852
0.145769400601012 0.00135373116554582
0.121645406498085 0.0054505862733964
0.101926677847518 0.00445537061859877
0.107594860135056 -0.00574424653638156
0.136367338723697 0.00172603008542116
0.144760978288087 0.0327756304002211
0.113074819492161 0.0302835722306385
0.069507939787552 -0.0096323146964817
0.0450912588090276 -0.0426734413034649
0.0735517794297418 -0.0523986381234067
0.0937489428076 -0.0492289186606567
0.106412045467673 -0.0189696019664984
0.132517660465157 0.0203095630440248
0.0933146530546411 -0.0164940052314798
0.0563168817673448 -0.0579626324384208
0.0869868123708551 -0.0117755599680707
0.127818942163268 0.0445607852100436
0.132859300212372 0.0466946784891692
0.0623132940126662 0.0124571715568613
0.0127696909502699 -0.0225041077170291
0.0426172983358537 -0.0377474822813091
0.085197188770382 -0.00998049575764378
0.111558829094515 0.0274461605113706
0.10833805375265 -0.0169514113825531
0.0985040023256958 -0.0841852577242705
0.0929938354227078 -0.0565094827703334
0.0894373902931442 0.00710282349417758
0.0934231064430383 0.033930268569021
0.126207008957441 0.0589208519106065
0.15780069437151 0.0931454906496796
0.142226040445345 0.0782834896409277
0.104894303143173 0.0421915049605954
0.0816113464523766 0.00559854745228037
0.0875140984473592 -0.033207337323131
0.0848535407069895 -0.0699052679724191
0.0766356850758041 -0.0831220511224192
0.087743860893446 -0.0757684483957617
0.107470988646656 -0.054492127694042
0.125109988822175 -0.0259407569188554
0.129953781906744 0.00323799602820287
0.111295288387104 0.0263964632455374
0.0942468799289174 -0.0296899846157993
0.101522818019968 -0.0727544063362222
0.111542434903737 -0.026909038336093
0.115580960605998 0.0101728473365612
0.118617997020108 0.0197393851914456
0.121275077853603 0.00237092295893649
0.121307098792096 -0.0261107588627763
0.119393704696052 -0.061595376612268
0.11621454042594 -0.0999726466281135
0.112449250842225 -0.137132285248888
0.108777480805376 -0.168964008813166
0.105878875175857 -0.191357533659524
0.104433078814137 -0.200202576126535
0.105119736580682 -0.191388852552776
0.108618493335958 -0.160806079276821
0.115608993940434 -0.104343972637245
0.125039666143846 -0.0459453448447325
0.134296824570537 -0.00891787851287152
0.141716944392879 0.0118014044154075
0.145636500783243 0.0212754819971738
0.144391968914002 0.024567332289497
0.136319823957529 0.0267399333494463
0.117629448193026 0.0308774591239976
0.0991303124064229 0.0337186967079916
0.0959404104855045 0.0363411827789758
0.103358577573696 0.0409089865914501
0.111892683486918 0.0445968047897105
0.112050598041091 0.0445793340180531
0.0943401910521343 0.0380312709207738
0.0617892092184325 -0.0284827251021696
0.0675395131212128 -0.0871778011005712
0.12169645765778 -0.0576421792129545
0.165716025586729 -0.0133585587748384
0.162303199340176 -0.00616366861204833
0.135387891057293 -0.0306786759683499
0.124777497202053 -0.0344226734972963
0.107407476773608 -0.0269092251747644
0.0799455622283936 -0.0248338122498931
0.0585113726716459 -0.0201529275730838
0.0606086266088854 -0.015030167912682
0.060827173527198 -0.017359836033618
0.0679082242851414 -0.0304219179367861
0.108002953651427 -0.049136534767092
0.158975123068873 -0.0615164410858306
0.198688493980296 -0.0555743914542973
0.205006827828514 -0.0193231404337871
0.16499262526054 0.0259834326967295
0.126824648949138 0.0318871262772932
0.119028407639057 -0.0173470392508629
0.126123029546129 -0.0802851223270637
0.151637098358435 -0.0999929794049255
0.136202039706487 -0.0804094062911566
0.0797533056579316 -0.0632844347838136
0.0561171160996316 -0.0524624727182824
0.0612317121252178 -0.0492144181358823
0.0707497488886357 -0.0494627167861524
0.0897708959891307 -0.0226877718865101
0.113527447543323 0.00597521816259523
0.123169182989837 0.0147743277813505
0.127848265404749 0.0188574988367877
0.130419862174237 -0.00583010602491345
0.11425542254488 -0.0323418261762507
0.0958958126346216 -0.0262025175576955
0.0729919245775943 -0.0106206842155673
0.040426202037986 0.00840614790787339
0.046655265004113 0.0439323337629334
0.0958699993576308 0.0400242476339244
0.131517583239785 0.0207928343787295
0.113941074302797 0.0344284711066338
0.0763713115354579 0.0319419272473234
0.0123744391382816 0.0162031938377571
-0.0441848346293202 -0.0166025080189063
-0.00860728073196336 -0.0268368931531232
0.0710428778299151 0.00642905949787063
0.122741039473485 0.032456098164472
0.126625371418548 -0.0202233377554164
0.108251105536255 -0.0572632335607681
0.0889545921633798 -0.0306819785102524
0.08843032927157 -0.0154004028839862
0.100316533707331 0.00220894297094287
0.11694881909801 0.0496370141680681
0.142613880309961 0.0696240684398928
0.14849673509964 0.0484895662959738
0.120951607123348 0.0339660506633954
0.0942971439358646 0.00467454874981669
0.0960706246178663 -0.0188670563589032
0.107626826415872 0.0115051737323431
0.114834258955827 0.034632123684046
0.117716272441116 0.00708768855735698
0.102550022541445 -0.024438505875201
0.0311141086230495 -0.0215216689250384
-0.0146496675588923 -0.0209431151402121
0.0181576978517077 -0.032153199004273
0.0530687436814567 -0.0260176684431133
0.0625557316392581 -0.0107791457026907
0.060757943337727 -0.0142399384361774
0.0690914222751234 -0.0185613193334525
0.0971796159066182 0.00595049620221072
0.142514831370773 0.0401416813476948
0.170287762730045 0.0709597491722166
0.155257938847132 0.0674983291910694
0.117337840264704 0.0222052928923374
0.0927818198518108 -0.0293916696982797
0.0896810622303609 -0.0666341658688555
0.0987109366120598 -0.0898472655616468
0.110546812208613 -0.0993560387189101
0.115864058231725 -0.0954855552829023
0.105338043893102 -0.0785608851958797
0.0643299462596044 -0.0116059492072135
0.0668479112369846 0.0301620310703853
0.11977928025413 0.0248039275159178
0.0976299773476647 0.0360086389106413
0.0234484268996111 0.0304445350030772
-0.0356131970861242 0.0081447856717985
