0.0970489832126918 0.0101003949689593
-0.0880742242355139 -0.00819107077393507
-0.266537245977278 0.0116108840176976
0.0225430516029127 0.0726786621618513
0.131053468490546 -0.00407989902055089
0.0949721757611413 0.0123917458095586
0.126578271033874 -0.0151017127411976
0.088894529872809 0.00564421177665969
0.0539997392723364 -0.0283724077087065
-0.0257460382790257 -0.107312044075675
-0.130776708389896 -0.190203341801857
-0.1728956598758 -0.212325151730109
-0.063906281552263 -0.108956324703285
0.0892037466692726 0.0129641740062983
0.113155873586361 -0.000519291609408857
0.07218381209694 -0.1162382720635
-0.161336715416014 -0.104240682956222
-0.234708820827277 -0.0198369921339003
-0.166227555314032 0.066326632976899
-0.0240867521358083 0.0874147500886018
0.0551500711585067 0.0588217420361687
-0.0650806029799753 -0.00405800834543972
-0.274950402044731 -0.0536790031414045
-0.381908049342966 -0.0886531211190859
-0.314636413176903 0.198719350589627
-0.386610422621876 -0.112153216800458
-0.362150541449696 0.282794884911567
-0.250369945476065 0.285066428817705
-0.180792316076104 0.319094584162678
-0.287859771851009 0.334085795893589
-0.213333362182702 0.361204171653466
-0.25701156131309 0.33262724583999
-0.361387975474441 0.172200453935905
-0.226742954097106 0.165620915404912
-0.111679581281295 0.290437491075808
-0.198460886868349 0.268046947354661
-0.148634371143498 0.326256603797649
-0.162597051493776 0.372030004359773
-0.16708484368407 0.307019454145487
-0.153739703984669 0.329714464040318
-0.141886695879072 0.36048005526161
-0.136207692386272 0.373748520144405
-0.343471093736754 -0.0956295878530755
-0.284061622233287 -0.143462027077083
0.115169143502556 -0.0578160721485273
0.569124040135268 0.0841756890873657
0.825161876060169 0.176699642408547
0.919167006235838 0.227140621737817
0.887023785620858 0.242883460997976
0.764616569173805 0.231312994111823
0.587829711853263 0.199814055002159
0.392547568617808 0.155771477591784
0.214654494426023 0.106570095803499
0.090034844236486 0.059594743560102
0.054572973007778 0.0222302547843947
0.0795093534487361 -0.00384337182333907
0.110436108697487 -0.0221996557342372
0.142522429698486 -0.0359525946606077
0.172376359224236 -0.0450769876975189
0.19213187132495 -0.0467829509014369
0.193922940050838 -0.0382806003288284
0.191607480155208 -0.0172639600041344
0.154410601657783 0.00810142730377828
-0.00497655087797596 0.0286729247532191
-0.258872474157983 0.0461880724919215
-0.411839160373761 0.038706821091146
-0.268438601716832 -0.0157108788778466
0.000598944104872036 -0.0605013589615045
0.11427506821352 -0.0428402171118698
0.138113241165348 -0.0107280193190067
0.14464051230084 -0.0165400642319958
0.132392736281662 -0.0570465685475686
0.149784842384414 -0.109038216412467
0.155630342092626 -0.112218198114464
0.151380349468718 -0.0892646835900401
0.138485978575112 -0.0628558427756755
0.139344785072945 -0.0536952856100792
0.0915422340308785 -0.00347539369785895
0.095088638326281 0.0205893477797345
0.118494092605688 0.0393860278935248
0.142693189872325 0.0472628532985822
0.148620523129418 0.0385680306499769
0.145759471894132 0.00158037961104723
0.103654608212275 -0.020786513091226
0.0601558663866731 -0.0263218917118753
0.00149281098356468 -0.0144376131698398
-0.0441951261503353 -0.00622182906569986
-0.0487685131683117 -0.0227626910000357
0.0119401445812587 -0.038462555026293
0.183210982145041 -0.00794550039801378
0.123245147170958 0.0197588579317552
0.11308242094593 0.017888426565062
0.11506326716029 0.0209930127460518
0.179042099951692 0.0289777757290039
0.268695860568568 0.0384534412535058
0.26134805263601 0.0384327903858947
0.0343221797791113 0.0179286041925075
-0.17651194721394 -0.0175191184218225
-0.000681625569748319 -0.07091730019208
0.109034124414551 -0.00620793150401153
0.10460066706314 -0.00796873431052614
0.104667340170434 -0.0463626430028878
