0.086626876798876 -0.0776316177922491
0.0925468884014617 -0.0586752893307879
0.068200962042488 -0.0398445776556614
0.0137535558970912 -0.0191207454308489
-0.0710157616197774 0.000790391895992812
-0.186727629397482 0.0122704420064908
-0.295718738228873 0.0167828528169928
-0.363419512673727 0.0206141914825954
-0.395091192271801 0.0233807445430491
-0.39599501656285 0.0246987985381047
-0.371392225086628 0.0241846400075126
-0.326544057382891 0.0214545554910237
-0.266711752991394 0.0161248315283884
-0.232761476241753 0.00995587048410451
-0.291948208377077 0.00877619062803048
-0.187990414056976 -0.0200946249758115
-0.00935566163702326 0.00458505573377004
0.0313930662491874 -0.0259827792199205
0.0564475954236791 -0.05770729540274
0.139311574878607 -0.0572339144557762
0.244147277021733 -0.0366294077201027
0.335116974260822 -0.00796054653679274
0.376382939003636 0.0167058977530802
0.332107443657937 0.0253031538084428
0.16645276063149 0.00576445028822172
-0.0269744949048737 -0.0232254900117421
-0.125449025880087 -0.0344184552766529
-0.0398441396101045 -0.0148972500043651
0.0971700682756907 0.00639542200822798
0.11841443589817 -0.0120022164144266
0.17238768058354 -0.0136104367881447
0.117717011729995 0.0149481697480102
0.101609102176554 -0.0302870665411126
0.095303782191612 -0.121898589407563
0.112791584896559 0.013962483737189
0.0609103042381492 -0.0154346896148509
-0.0606534462446387 -0.0447035915279748
-0.16381167390808 -0.0246496409815287
0.10579630625961 0.0314911581034499
0.140443917913499 -0.0360604402108653
0.133474707547322 -0.042754857674161
0.131279676500951 -0.0222237908008275
0.12214229116154 -0.0338727172099989
0.0972641921895219 -0.0206116930448786
0.0716592013942554 0.0100911738945766
0.0981127385858114 0.00921540279384252
0.108360708360109 -0.00865250401068653
0.0447932576563186 -0.0387247160269686
-0.0210941952570448 -0.04688779320858
0.000586810695538322 -0.0315477632706239
0.0633818421482463 -0.0129038637413419
0.120836465735257 -0.0111553321489755
0.141416895143891 -0.0201784572644626
0.122979615631587 -0.0154912429674986
0.0790633688131003 -0.0390306942942102
0.125422439587231 0.0275265925881378
0.127806867746488 -0.0200921291093047
0.11768683625595 -0.0491243852395705
0.0748607874407126 -0.0226117269997467
0.0313919224390528 -0.060934057904386
0.130560637901483 0.047656636630529
0.175011531268171 0.00276380088317586
0.104573766982953 0.00240119617231507
0.132123599169876 -0.112477533024549
0.0896890621930768 -0.0400722572363257
0.0461707416112606 -0.0329899692965466
-0.052248263452565 -0.120089766237794
0.0626532825343418 -0.0432133837017934
0.13712602617017 0.0282531114337534
0.1651112767641 0.118631296667365
0.118121506598089 0.185327240484346
0.006914840665591 0.157607066073909
-0.157750596039938 -0.0352631033747319
-0.182554953853443 -0.077489497632259
-0.159374958873187 -0.0480356774266952
-0.139678882245091 -0.032597270452792
-0.108972854171278 -0.0360080691912819
0.00151624576580567 -0.0280863335379047
0.0246651883865889 -0.00940696410087426
-0.104924375665069 -0.0333282058972555
-0.330615888238288 -0.0959539898655003
-0.475973856344884 -0.0814905108493816
-0.433344527359817 0.060974123320975
-0.318008219475798 0.231139105470895
-0.245245250885537 0.328703628425703
-0.238892606824976 0.34348797281746
-0.272578376605218 0.309938741308828
-0.117895385372722 0.418712492872489
-0.182136640077166 0.311153219291163
-0.446031034267638 0.124193919540198
-0.744281715580058 -0.0710492904866267
-0.922406617230952 -0.195139106680521
-1 -0.259554454849634
-0.996656124666884 -0.275774260802112
-0.931969252011284 -0.255277450346103
-0.825533642812881 -0.209542949289757
-0.696943557851357 -0.150049683441219
-0.565793257906391 -0.0882765786086392
-0.451677003757664 -0.0357025606001646
-0.374189056184859 -0.00380655522394316
-0.339341269928255 0.00270410937315331
-0.343940043153846 -0.0228499389950107
-0.354918543134293 0.00203723320893245
-0.395579762846854 -0.0509792149851271
-0.347137647772578 0.0112455724132514
-0.309971825899748 -0.0320780079531632
-0.35692552100127 -0.0480006207440487
-0.287313429891161 -0.088841890491722
