-0.212201873989314 -0.067438758382651
-0.198080238597683 -0.027915365027411
-0.135463057648361 -0.0153342497480568
-0.0194608398377697 -0.0188250170110639
0.0829725503357008 -0.0313635876852165
0.11048629309868 -0.0211897821689359
0.0996976233541968 0.0313988936444597
0.0761706574366211 0.0310313640583939
0.0788616466770685 0.0330300884017694
0.108044704814899 0.0277002531623131
0.120268507433939 0.0439577284070285
0.142336287296313 0.0287993613236313
0.194092678589383 -0.0343584614924942
0.149820182918033 -0.0221242425614744
0.0981567963768353 0.0098683644300601
0.102510207611359 0.0209522928174209
0.12050875908517 0.0279729480772118
0.114947413731567 0.0343275779305287
0.0837305195752043 0.0120646515229847
0.0767668659239974 -0.0220248457319475
0.1227111448051 -0.0108343547870399
0.154409900994902 0.0252367332561929
0.140605968555645 0.0187848235953167
0.0612357706329169 -0.0862501626121809
0.0761729738733304 0.0022527106666978
0.124833576723376 0.0872816287193874
0.154920220179063 0.053169261638001
0.157756172344424 0.0527359848277546
0.147407919312197 0.0504534795402517
0.129095555634588 -0.0109476753489983
0.103527501597821 -0.0521783270378312
0.103775745561817 -0.025236318099089
0.107832822350016 -0.0164378560984145
0.0853461925432971 -0.0411484676563976
0.104056404293202 -0.0215133681710883
0.121970008608652 -0.018360024760273
0.134462179155203 -0.0106226598100204
0.0905331721095284 0.0144438422442102
0.0879543659684422 0.0623288166828622
0.137399834627922 0.0466425913992078
0.112830888441559 0.0221980520077886
0.106337805584599 0.0005946828684561
0.197744632603793 0.0248467654934477
0.169363294602762 -0.0253411012180619
0.115945440970751 -0.0551215827040464
0.133262558718015 0.00573788873359721
0.118300725126967 -0.0112702841159671
0.116492547079846 -0.0499422306228405
0.132498911624415 -0.068122598108974
0.159381885629876 -0.00867898280847776
0.165478554764242 0.0437534057548759
0.113336765582432 0.00381284010140505
0.102639495279132 0.00879128040453597
0.0944748006331789 0.0371154068697602
0.0932119422286052 0.00663737385812342
0.112152413311235 -0.0478592175215628
0.119418540793991 -0.0469131538631677
0.115328974497688 -0.0136834286824642
0.133093221363596 0.0279870543536063
0.104297949085639 0.0146200107742435
0.097233812291725 0.0204999365584247
0.127074618646908 0.0557265525636985
0.14537472374503 0.045712704768899
0.167685976052563 0.0048764161532336
0.15452107521436 0.0124836795379762
0.148393605035243 -0.00445112241693089
0.12792012128802 -0.0366528861766278
0.104880337233142 -0.0313838351018886
0.0931976152841624 0.00474082435244849
0.0936926258947733 0.0246093917670909
0.114300095675867 0.0244960028479774
0.0848605307030922 -0.0240549358298653
0.111624846630184 0.00583146511491659
0.137844695351147 0.0403562086152855
0.140892036755505 0.049244092116326
0.127530545703996 0.0138345735502946
0.13607963584184 -0.0171402534929537
0.12294230305247 0.00827756170006966
0.0956814781709757 -0.00901826147953322
0.0665194440292929 -0.000236139162884679
0.062315305380807 -0.0263398003330713
0.0720130032705255 -0.0529552911856934
0.0975791966628428 0.00922749093871278
0.127310927781926 0.0909135102898861
0.146168431898909 0.132637873092791
0.158812917009646 0.126036727521978
0.166560190701431 0.0777222865431208
0.170726060561562 -0.00569323687810494
0.164664322252411 -0.0604867278955652
0.138577346849227 -0.0381655639962988
0.0878567630681366 0.0393403540469067
0.0764090458483395 0.0397218378219519
0.0810178262883847 0.0297870969289143
0.118408419982101 0.0109711100405957
0.08657161521761 0.030518351702364
0.049526965683236 0.0100551149580828
0.123448951714284 -0.0766423007773281
0.146295137740423 -0.0696326869974603
0.12247535981361 -0.0263631339341803
0.0564606780431651 -0.00769322171048336
0.0702119163013586 0.0433155975007909
0.118701981031044 0.0625886034241394
0.141457476900208 0.0142421070563665
0.145746481251095 0.0345852291785077
0.158281257151951 0.0286627141700719
0.16687898136701 -0.0361000087804965
0.123606367153539 -0.0136897966501429
0.100274563213042 0.0100764227708269
0.116913982272663 -0.0185077584135482
0.134560857715551 -0.0394227729375188
0.133009121966114 0.0114047312769189
0.132947066229237 0.068524378939252
0.158534871437019 0.0697818093041386
0.133931926053273 0.0100911986353066
0.101039473386855 -0.047234049609776
0.0846066367123583 -0.0348126201545429
0.108453766243264 -0.0128032173543706
0.126872433864654 0.0149699491616718
0.145916662358208 0.0316401458709309
0.1444083612488 -0.00625367095452252
0.117227138689497 -0.0172056520533276
0.0996894446329268 -0.00322601193456308
0.107952505723012 -0.00523431941600349
0.124584021732389 0.00322709087419523
0.140395714875996 0.0281651052942722
0.158460081897068 0.0724621338308856
0.132879875521872 0.0606674673910129
0.099257265061433 0.0356241569875223
0.0863121634925974 0.0320133946434084
0.0990010199211311 0.0272294154597043
0.119174505494205 0.00409080929788498
0.140893866250773 0.00541530032160857
0.153292286722612 0.0121931412413159
0.152903888082702 -0.00126652553827223
0.144891321331807 -0.00216764131207805
0.134417237470689 0.0422858526249763
0.116121258982159 0.0853667089858026
0.08864653863052 0.074731637782323
0.0631610228387811 0.0347526336681305
0.0508326580299499 -0.0101983087031818
0.0628293906270344 -0.035749194678021
0.110319167053042 -0.017528029602794
0.107741602018969 -0.0194903836766287
0.0338680851751636 -0.0724100467013367
-0.00363577464633447 -0.10214235342735
0.0426157724727904 -0.0538580061750716
0.107187031601399 0.0235156632390556
0.128511444297348 0.0484883758205355
0.106418978999838 0.0217371203062546
0.0961628584759043 0.0048676896309033
0.119311405775158 0.00778301109669102
0.133459818695717 0.000147603726357701
0.106601613605997 -0.0254123367507513
0.0759025914110627 -0.0245513679725183
0.0755126898045564 -0.000998504905441333
0.0973268200904794 0.0132440179618039
0.11512824358943 0.0201118137080684
0.122479635278751 0.0419958063378495
0.132094464150241 0.0669574631956296
0.146482182546187 0.0454382123702366
0.157188671935488 0.00801750277024043
0.15582737341802 0.00523175207437197
0.145009078782528 0.017457841526701
0.127344579817756 0.0250726523712971
0.108090811219169 0.0190981509895759
0.097533569586694 0.0173066669488983
0.105826939565772 0.0402006262722528
0.115401524709243 0.0579779933362498
0.116734527039441 0.0396171246497071
0.132049928906045 0.00379103443392415
0.143471438300906 -0.00937792682480332
0.132118321359627 0.0104278822152486
0.118707897647519 0.0371744120585212
0.120186551994621 0.0553203196222522
0.128995949016481 0.0629064432676595
0.129096327956669 0.0542720056651556
0.104447928058756 0.0237562294851529
0.0922064091715611 0.00104808954666042
0.115981863839882 -0.00141796163908863
0.139416180351257 -0.015184484863345
0.121934095423901 -0.0175014424867712
0.0829697823943592 0.024803102330659
0.0761792844776675 0.0958194375987267
0.0957338755301008 0.121388616201703
0.0992993743358199 0.0722135840677409
0.0857736415016906 -0.000322531227557798
0.0844687959192051 -0.0378687936225463
0.111349886533327 -0.0350841275398461
0.145294169031127 -0.0201001961302558
0.165178899099679 -0.0210486625445739
0.165832418205136 -0.0199529453493721
0.159039779736123 0.00225025988553829
0.149113307263414 0.0190593745044996
0.12940863994115 0.0275205634665636
0.105824481777738 0.0368153383675772
0.101487753625351 0.0386451405070749
0.106660745453162 0.0267419681778383
0.105991901008762 0.00600350444160363
0.114187371811952 -0.0151202822486627
0.128328765160174 -0.0229499443725023
0.136007114203414 -0.0145961240231855
0.137692709240278 0.00220601283166078
0.133855840569378 0.0197213002244096
0.12496679848932 0.030214572187434
0.111495873298714 0.025950662753107
0.102421775947178 0.0365466997463839
0.103429133551287 0.0688072634178716
0.110047110660086 0.0807783664384212
0.137532245518755 0.0520736357457031
0.174441998468563 0.00793213213284363
0.176256917202684 -0.025161980946122
0.14470474434099 -0.0365482899377367
0.114397640604088 -0.0328091765568511
0.0901427808362583 -0.0133246702518913
