-0.243327414176993 -0.00920171418538388
-0.119082040132095 -0.0150949449826956
0.030662621679837 -0.0120739088880844
0.121780643248685 -0.0362419226277994
0.0935376888115923 -0.0288361551541208
0.0397416832136035 -0.042616710319579
-0.365977326575738 -0.099976229653153
0.108019822200784 0.00759559521917018
0.114437461967594 0.0310858841194516
0.111381240031068 0.0486071280024703
0.094532080870251 0.0646114607628865
0.126680998188352 -0.00501422639274029
0.0936606383837335 0.0775917117150126
0.0940401162147059 -0.0225923171030064
0.0947342077524986 -0.0528018540349026
0.118120141640886 -0.0464917801045269
0.160854253453754 -0.0182927843764019
0.19014449762005 0.0158023786464166
0.173198828568718 0.0398009544608729
0.125796213413818 0.038491033582651
0.0875780861472828 0.00773875912606871
0.0864092967027206 -0.0553230186083737
0.127990011485136 -0.0945789646351827
0.131859266950569 -0.0545089813689926
-0.0210861507846637 -0.105808138962109
0.0861176142024322 0.0450860419319871
0.133763542740224 0.0658915067208167
0.0475825824365057 0.00812913397123756
0.0311651954013338 -0.0898607006173605
0.0762838959539529 -0.0307538065472818
0.0416548789665614 -0.0243193391058388
-0.00767861118934555 -0.0310129766280482
0.0978860632680232 0.0319155836222023
-0.0411958704876075 -0.0899729096803828
0.0226012112141957 -0.0120772006767325
-0.0451342245731402 -0.00511354889037356
-0.143415386234753 -0.0394934520649262
-0.213761782129939 -0.107513235817316
-0.261417112207743 -0.194629870881817
-0.291625076417208 -0.286300327992699
-0.309629374707379 -0.367981577884235
-0.320673707027298 -0.425130591290698
-0.33000177332601 -0.44320433894636
-0.34285727355256 -0.407659791585493
-0.36448390765599 -0.303953919942369
-0.400125375585345 -0.11754369475126
-0.437995341859125 0.0831979825955583
-0.46259115959371 0.221549429709318
-0.484754951896137 0.29462718700867
-0.508173163204369 0.309631143207332
-0.520831172968912 0.289509482450687
-0.510714360640268 0.257210388884121
-0.46580810566894 0.23568204665302
-0.374097787505432 0.247872639902768
-0.2138348862103 0.347147982607031
-0.098646145243575 0.44962385273843
-0.109006296907304 0.427494732218507
-0.138726456680296 0.37805301712904
-0.253247295419267 0.299871056999701
-0.397868734745739 0.128063093472531
-0.445221449643706 -0.0307349287298055
-0.418755875424889 -0.101353388233543
-0.275543378042939 -0.0714589305093142
-0.212700594189037 0.0102607292136906
-0.271717986191757 0.039259738037714
-0.109515326657871 0.0216448842508131
0.0702255793064961 -0.0178485675141061
0.0930699732988126 -0.0505170023923208
0.114612516929075 -0.026120183197758
0.0915917169578732 -0.0414713083192107
0.0433072368306789 -0.118985919736079
0.0148697884348458 -0.158273736808462
0.0713418999210208 -0.0776611006604031
0.125294072322994 -0.00927870188302605
0.0944541912267552 -0.0191780115568811
0.0658071299987827 -0.00980133220349618
0.089975438712111 0.00671653063775543
0.118095830966006 0.0169548694063053
0.126242521339811 0.00950215658709249
0.157884771440693 -0.0133045300163384
0.235144549982536 -0.0076736261800568
0.195559811708425 -0.00320332182977627
0.0942392185896872 -0.0224897665209026
0.0763810866338147 0.00676187528020632
0.0721778855319977 0.0366902131119203
0.0681737079487783 -0.0138008015077359
0.0562906006938339 -0.0554067436347234
0.0553892165808757 -0.08458186860549
0.0590434302219443 -0.129635952866429
0.063359265614023 -0.108691282156951
0.128861097565303 0.0144205239242413
0.184567309363304 0.0954182794691988
0.140761607562423 0.0427215926881247
0.10199270331367 -0.0398906229346765
0.108534562730458 -0.0211475226853666
0.0862347461567173 0.0200784419536869
0.0304845216154482 0.0113948695243971
-0.00588532988320621 0.00749775828672827
-0.0181106039018639 -0.011952913768683
0.0395712602337224 -0.045336085512721
0.0855840698080941 -0.0648341688967004
0.0909512716939759 -0.014860045430504
0.073744492052747 0.0514799157739447
-0.0245283774538713 0.0453668994151952
-0.128365916699073 -0.0100041019863109
-0.180769122269641 -0.053929453455846
-0.185756272419545 -0.073452267083474
-0.14953465366613 -0.116257414766616
-0.0910545747900136 -0.0993646124412372
0.0155136425223201 -0.0268065476691507
0.0793066276518772 -0.0177289468066404
0.0317084399718291 -0.0113850950840062
-0.0078495082065104 0.0209829520148385
0.050558832286938 0.01622678037696
0.121510807876028 -0.0167976118135861
0.104399034816848 -0.0351340914646505
0.0265222122579973 -0.0338576618048338
-0.0848209606519218 -0.00804332606273647
-0.202331784764309 0.0472339125330411
-0.298711560930562 0.136899050753898
-0.363688094534115 0.224536341261069
-0.40704374271595 0.275439072088171
-0.431561633963789 0.29709579306518
-0.440024896765355 0.29699505402207
-0.435216659608372 0.282625404788817
-0.419920050980562 0.261475395195395
-0.396918199369647 0.241033575071779
-0.368994233263351 0.228788494247945
-0.383560648112062 0.184183694878537
-0.450965523176459 0.0960558378803216
-0.5183953626597 0.0159831512264601
-0.533036670764945 -0.00445613710988727
-0.442075951695353 0.0863162008444402
-0.332583842046636 0.146793425136937
-0.314132494694935 0.0812483370534931
-0.320374037145228 0.0339238332058312
-0.30706969332769 0.0411950548766475
-0.288321886503924 0.0615079089031501
-0.244919682540873 0.133574153097688
-0.260985651357653 0.153400287196314
-0.33849740474669 0.0516183142354446
-0.373699200154651 -0.0614782300858022
-0.37709368540276 -0.172009027050607
-0.359183508312242 -0.266093757942152
-0.330471316704321 -0.329852104043618
-0.30145975840022 -0.349403746638186
-0.282651481221165 -0.310868367009038
-0.284549132988379 -0.200365646439355
-0.294709105395059 -0.0658567853712562
-0.296274251100451 0.033133484078175
-0.282721686297469 0.079340772427882
-0.247686147308053 0.0727396326683105
-0.195286403596037 0.0357234997110868
-0.129641224625256 -0.00931419153216253
-0.0548693798595454 -0.039980006149811
0.0249103612372604 -0.0338805092302322
0.0309123965559307 -0.0054936990645904
0.0417021166237127 0.011927672296837
0.0716050820984641 0.00713643612338393
0.077268551866133 -0.0260599767751043
0.140841739838615 -0.0421501153976325
0.181768725664238 -0.000563283767858619
0.167187792474828 0.0298007891022832
0.139088228996394 0.0108458110602123
0.111079109057879 -0.016820991558297
0.111585183944864 -0.0334209495742046
0.137211019096649 -0.028609751138081
0.169807937126874 0.00876416183874708
0.131291745834757 0.00602212862805047
0.103773469678478 -0.0338525892267482
0.188762572401063 -0.0179165941323196
0.20731255982376 0.0034813567356747
0.135427733429884 -0.0213286142872832
0.110607468477702 -0.0586776217436121
0.119255614774745 -0.0870478500374835
0.104088461984868 -0.0657810079416549
0.0972099553114982 -0.0297160547469788
0.0864180899862595 -0.0378303013409625
0.0772219760941926 -0.063951676213886
0.0751307237203385 -0.0819081078560293
0.0856534429497382 -0.0655275247576725
0.106229012353698 -0.0238014364273896
0.101270997900973 0.00181370427231083
0.0856029018217737 0.0215232458845231
0.0941638539671871 0.0439205283386373
0.113098436949735 0.0440621951929148
0.0788386125173963 0.0251918865624508
0.0216082050480644 0.0132250472146153
0.0498508469395366 -0.0120253180130045
0.097230550509475 -0.0267388789201857
0.0210608943220747 -0.0607390791176817
-0.0593552783613476 -0.110092122980453
0.00327252739592913 -0.0736493195090812
0.103606750451938 0.00883101109406613
0.120352150171523 0.0516995494606298
0.0730391833479662 0.0498493681447885
0.0746976876065086 0.04360658181008
0.101270374847247 0.0364317457111509
0.0769247877944077 -0.000105587818659696
0.0548490102771632 -0.0294233689547409
0.105550534444182 0.0196653914450342
0.127775530248205 0.0496839788605329
0.100547121866315 0.0141769444851657
0.111550929963251 -0.0237526647207599
0.0162714550028175 -0.060725696170775
-0.104433675972528 -0.0739582493664904
-0.0953609147535728 -0.0416497185219958
-0.0909553553557755 -0.00637897556141971
-0.0999446505834144 0.0274949317783668
-0.131056453240768 0.0556129557604931
-0.193018416132117 0.0736160486480881
-0.284917028259243 0.0826141265252284
-0.369058288108657 0.0853837965510226
-0.409747498587064 0.105137053653143
-0.408222105076569 0.156615188576123
-0.373437238321625 0.22525313392093
-0.31434802906669 0.29648582228853
-0.239909608056219 0.355748186279891
-0.159077106034668 0.388475158495979
-0.14877027799113 0.344739984952839
-0.193572226760864 0.303128228105504
-0.244606007934583 0.355577980045925
-0.314629583112293 0.278536361268148
-0.368511610171941 0.0219428381373381
-0.39064572431682 -0.104288677570084
-0.409734087931155 -0.081963535265201
-0.417521018945284 -0.0707913489254903
-0.350759728194053 -0.092699897421054
-0.107228635740179 -0.0525716593042515
0.0424433792041062 0.0330894581286846
-0.00512292047560027 0.0364190605589485
0.0404765054514924 0.00759767724185546
0.0807151382187999 -0.0364789412887542
0.0852276416875691 -0.0481469930816445
0.118847300449297 -0.00489036044256196
0.122418972927126 0.0228488872567718
0.106847810268949 0.019493009918757
0.0928931532947501 -0.0284591199675371
0.0925752437866365 -0.06989027366928
0.0969296268339381 -0.0231522861395506
0.10624856121022 0.024543959207143
0.10881956369662 0.00274994277582677
0.103981727027819 -0.00117036697120273
0.0949516763365508 -0.0187223025956832
0.092790209890073 -0.0646206853576662
0.137522524437904 -0.048899794642817
0.153060814877303 0.0215689615169893
0.11843946862926 0.0465214853796885
0.0929775970509325 -0.0159838457218406
0.0778038229021313 -0.100945901326447
0.0866270755599678 -0.0604773875027948
0.0592216941390492 0.00824541950232766
0.0551162940317443 0.0241578381649751
0.116724408676196 0.0566546793708072
0.142894282386408 0.0741206422085078
0.0932950122135371 0.0236991146750376
0.0516922243440286 -0.0382900437606675
0.0636265658500551 -0.0286005558153043
0.0862063280191303 -0.014177035172115
0.0524868854521513 -0.081561792647258
0.0175245602909595 -0.117370701856336
0.0610040903727238 -0.0440643641392085
0.131706706855105 0.0409076063884876
0.168623075370197 0.0818144162107498
0.0951015153495483 0.0478640735309271
0.00981376766398125 -0.0175148694014599
0.0407666202128415 -0.0478770907777155
0.0837291852516455 -0.0445804476340462
0.0653641107001179 -0.0134592227379803
0.0603534916678325 0.0380186105863221
0.080791533265717 0.0555901881987236
0.0897032718974021 0.00877794158447104
0.0891334096119748 -0.115295467367406
0.070618997335821 -0.241524428681812
0.0307022068880215 -0.296918098804308
-0.0210645783432946 -0.297525965476853
-0.0751289749699978 -0.259397516441407
-0.121938599603959 -0.198582239439926
-0.151941068857048 -0.131129622214371
-0.155583999341136 -0.073089152506699
-0.123315007668094 -0.0405103180588694
-0.0977363231549469 -0.0185920790398168
-0.118734257184151 0.0150238129018295
-0.172682549465727 0.0556236828045693
-0.245954939709695 0.0984938557069023
-0.324925167626073 0.138920656647328
-0.395966972924883 0.172190410664347
-0.445454095316143 0.193589442796458
-0.459760274509874 0.198404078082161
-0.450239773773531 0.189073159750144
-0.436840229435892 0.171523416820896
-0.42609809929273 0.152299332070342
-0.417787865296922 0.140560367190187
-0.401030362986121 0.140747144280315
-0.364946427897982 0.157300285440608
-0.298656895570157 0.194660412770949
-0.191282601540301 0.257268148371218
-0.144109246030873 0.311340562506521
-0.160813009336007 0.322628522887467
-0.158540656654357 0.312792687666489
-0.177673631446964 0.29068320713221
-0.184696773360096 0.296540662627284
-0.179470579676767 0.336987167556124
-0.187678826652246 0.355446228046859
-0.18401636491151 0.347149008623382
-0.169621865502979 0.323904851444392
-0.246673655767982 0.198321329549251
-0.383243557503741 0.0050497114989962
-0.412164794064523 -0.0976703213694944
-0.332307599511218 -0.10852954059253
-0.192706402636021 -0.0680487400386782
-0.0423956322311287 -0.0167487135765049
0.0695902829112642 0.00484974492542271
0.117594513129309 0.00169463094328348
0.0930659126670905 0.00225983982954862
0.0369022657620484 -0.00940362319409934
0.0222214860279096 -0.0365390480942923
0.0739778645958047 -0.0653198217076298
0.120238046152973 -0.059929126751752
0.116875864596724 -0.0316354923636847
0.00949004193138747 -0.030398848976102
-0.0840930438024854 -0.037033346467516
0.0350130578495053 -0.00239410899777316
0.130671956414364 0.0346917343035077
0.103742932760266 0.0239788543376061
0.0856838791210846 -0.0140761751694154
0.0948650101548393 -0.0584612430694748
0.0793073583533767 -0.112048007636994
0.049010053935654 -0.110019594116787
0.090213047676877 -0.0105098549001572
0.135636938484105 0.0506702419053147
0.0818563858108737 0.0458134943740333
0.0202971016422444 0.0226960331793479
0.0467016889291388 -0.00647946275278411
0.0984297420604876 -0.0233059332286178
0.111241660437063 -0.0492225703299754
0.100610508817084 -0.0296579838716575
0.130944550166082 0.0404050659393576
0.0718608756187941 0.0301408020934164
-0.0273487551652608 -0.0231876889476875
0.046842211488909 -0.0103825549655515
0.101377678732781 -0.0116596652917553
0.0629834662141906 -0.0359467840712426
0.0671223118644576 -0.0195980719816628
0.095700816822442 0.0184891713900342
0.0851537159440504 0.0344098617939456
0.0103843402159648 0.0117602311181847
-0.0889978150267905 -0.0271050460171753
-0.173383254449191 -0.059831294992061
-0.203162482716214 -0.064063841186399
-0.190867867861535 -0.0794328175528985
-0.167960947876643 -0.0822312049242182
-0.0982140832670592 -0.05734891718702
0.0354782580513584 -0.0689935294362443
