0.126885805044758 0.0184590791331243
0.0966371403880967 0.00426761900108137
0.17633827164428 -0.0266537266685741
0.143944738785935 -0.00936906947501273
0.14229218204529 -0.00033404180052533
0.179413001725561 0.0241876047496944
0.159931286705335 -0.0514881838501581
0.129277902365647 -0.0322032467848511
0.110780495338853 -0.0192423431168923
0.113106820710196 -0.0322967653152946
0.122768044062987 -0.021852482723188
0.136376031618613 -0.0136911335669915
0.157823132742369 -0.0157625422633179
0.167621378143914 -0.0214425446718834
0.154979933277233 -0.0310354788455463
0.143316045396193 -0.0364749615486006
0.166715249113491 -0.0256074302061889
0.198834122934858 -0.0390053762345354
0.115918094689342 -0.0409800188889792
0.0791716069251912 -0.0170374439265338
0.101095261723127 -0.00301820726399871
0.109567652026375 -0.0107198054211084
0.118611602285835 -0.0167498205796396
0.135970095904141 0.00452928144748853
0.155806107577598 0.0375607094721244
0.150539628227039 0.0316140992298915
0.138903917539198 0.0116600656986735
0.174021716731195 0.0575297682065492
0.202401677554364 -0.0148191773470039
0.203974557504984 -0.0290927024558103
0.186715408522906 0.00320948866028973
0.171214123013385 0.022571483194448
0.155877720043466 0.025378332274465
0.14738746219973 -0.0265216072123393
0.164516235796554 -0.0891242683088663
0.142722561223516 -0.0118380111650262
0.111490463281888 -0.00106188187163539
0.112005307051453 -0.0455949469095802
0.132846801400301 -0.0632170046781123
0.155934230127722 -0.0525224272955805
0.169625467327289 0.0360022082609307
0.137442265200682 0.0256719801671478
0.0787914174977884 -0.129994885062606
0.112395423933814 -0.0158896705766023
0.159168226372996 -0.00467488134345681
0.0648901106099231 -0.053752377251802
0.100334698841292 0.0188192804629198
0.170562207448317 -0.0538377891704152
0.180513700039689 0.00354898740384617
0.155186629709071 0.0414193442986761
0.131505317703695 0.022610710330051
0.122603890612983 0.0234908948557848
0.124780254615803 0.0229993491816267
0.143746938558851 0.0202134214067052
0.1695995935948 0.0133453667488416
0.203145500927284 -0.00997761821599313
0.178214882913653 -0.0740883866888077
0.116967099453879 -0.0667672108891463
0.115188439016756 -0.0395968610302622
0.0977037172264941 -0.0033445393676269
0.110937969244472 0.00610455693845105
0.13611137934391 0.0055737445113145
0.155813350060349 -0.00435486073743935
0.152537756710809 -0.0731373342130449
0.132359063581307 -0.0440862565754511
0.161576009169069 -0.00592350083933619
0.18091238176014 0.0226127159382155
0.1653215219992 0.0195815971881173
0.154592387324724 0.0101584242706414
0.158417766061942 0.0149407103637371
0.171244305500365 0.00021112681772961
0.158443953421415 -0.0243902260996024
0.154427076162988 -0.0954887172836445
0.13996945168862 -0.0742619240929848
0.129190209023342 -0.0574454242921221
0.137349451954294 -0.12642244513107
0.1144509313863 -0.0757072493137129
0.0888532211968334 -0.00561863866430954
0.0830113472600626 -0.0464675196872799
0.121890171430883 -0.0821245208248722
0.184910823489816 -0.00128548446237267
0.179480257934786 0.0460245969593407
0.152005126282383 0.0608084322616499
0.139098338608728 0.0413842757290682
0.142031061881396 0.0157803848050306
0.162074463067964 0.0120250169329721
0.168861365323762 0.0326974642183389
0.160214792221041 0.0454395921651632
0.160594191851028 0.0365618252976617
0.176136066372373 0.00731647623933455
0.156001516780441 -0.00720007152341877
0.135006631742425 -0.0202704242658932
0.138470149666917 -0.0411738878847944
0.144719358810012 -0.0536128221609473
0.135278300106839 -0.0257440559891534
0.131666682055612 0.00306448263239107
0.0864058290290761 -0.021711815430511
0.126252600047329 -0.0591449783148568
0.117596411456696 0.02534752515159
0.156904902502396 0.0371251661755675
0.162635009193057 0.042471045398458
0.0411435961642002 0.0194750135080255
-0.0703863583938979 -0.00435725109219075
-0.0301117592113218 0.00351307463455999
0.0616794004201137 -0.0114148843789982
0.0908404377047625 0.0191723808498789
0.0454007305193431 -0.00252917060241973
0.0721099888117459 -0.00258546115865173
0.112086225682045 0.0073869699516247
-0.00140021805620567 -0.0214304210434126
-0.24822760758048 0.00437325290657301
