-0.134842258110054 -0.0813774683768422
-0.105831257521129 -0.0662249180428489
0.0160251382385317 -0.059027475791112
0.132344857154869 -0.0722405636163654
0.156577054833807 -0.078574424984509
0.150921909495769 -0.0455574522998402
0.146328030326394 0.0276454016196279
0.127499172073628 0.0318997829911535
0.100375655139126 0.007685980947485
0.0450979225913133 -0.0686062984184988
0.0890729083452851 -0.000924635916368992
0.127360473519906 0.0634401006201144
0.125261981910491 0.0665704807637987
0.113873256749964 -0.0166928639821309
0.121531796881733 -0.0840110595129264
0.133282176049682 -0.0508109558177677
0.12142310663698 0.000796177976493914
0.106981609725735 -0.0117705757664716
0.107837637397049 -0.0428132436109672
0.105882013268195 0.00455902461161734
0.121070432262332 0.0264013727028423
0.129287849337147 0.014507838565038
0.132837443842725 -0.013715338263925
0.134022395129152 -0.0408619182461759
0.135145882546514 -0.049525661843844
0.129180462239855 -0.034228306890708
0.119463439827254 0.0116219945952564
0.103865239681299 0.0264740468178308
0.0562107730799615 -0.076488004179665
0.0917981346080723 0.00184566618438213
0.126908151745358 0.0784576842801524
0.137950898699913 0.0622737306161705
0.121079951538927 0.0147260963350899
0.0687261059760414 -0.0501709261737497
0.0576776916284119 -0.074063321142019
0.117613454550968 -0.0113595536823922
0.170212281250075 0.0615276578119265
0.176506003218731 0.0880079014319286
0.156057376288775 0.084859229014703
0.128429156292051 0.0688596923973389
0.1131840990604 0.0567873434169252
0.125428270129517 0.0290183726150932
0.0951255089919219 -0.00425312033774029
0.0768738529101747 -0.0422153416269494
0.114100895919026 -0.0912876316638903
0.128384827093881 -0.0374613137488278
0.136181581158859 -0.00149493234434487
0.108125497295429 -0.0498428071372915
0.054663355706757 -0.0705951916365785
0.0706867256263657 -0.0118134707027336
0.116280579319031 0.0316163517280401
0.111982695325485 0.0636133011362687
0.0448291637850884 0.0350212566622977
-0.0434740786535009 0.0162420616916144
-0.0282208027612552 -0.00972721202972495
0.0642652318430624 -0.0308355074184533
0.162200075733954 -0.00990213211227701
0.190970092651134 3.66690439857702e-05
0.14984908494718 -0.0225906604054494
0.105441659472086 -0.0151869437021128
0.135708354013026 0.0159187413759488
0.185693618611524 0.0280644142462704
0.194309288003795 0.0407469741834139
0.200895472887937 0.0568444395161728
0.173590247045403 0.0047739625938272
0.163659270232468 -0.0414954181703276
0.169615561687441 -0.0393702955151251
0.124096306843499 0.0174835746920576
0.113929935435839 0.0217035072924638
0.103067256240726 0.00532332959711737
0.0612912895670819 -0.00426379252263215
-0.00165586198690625 -0.0314679199808681
-0.0468812445316193 -0.0756445975798081
0.046226748199125 -0.0657673157178883
0.162999642265918 -0.00432069799764297
0.173789751314592 0.0196294064350072
0.142088313441941 -0.00325802250380704
0.112756624387191 -0.0803857230534591
0.10132087966146 -0.00970099912581023
0.12052392580281 0.0524557199921691
0.158788474572419 0.028296266926147
0.18853113489334 -0.0144352861164031
0.197934029102134 -0.0473547707417184
0.192665632925664 -0.0708047268604977
0.178394422090794 -0.0851276943834396
0.160788872324386 -0.0906662132212426
0.145517459353304 -0.0877628232846054
0.138248658904412 -0.0767600644842265
0.144650946704571 -0.0580004767308047
0.122780695857505 -0.0135467879997511
0.0954113305372013 -0.0269151761687257
0.0620046334178877 -0.0698085753964247
0.0839713681904482 -0.0328147052415457
0.133120748205125 0.0472570224381243
0.159910676175673 0.0412317393868015
0.15302205480861 -0.017528913578449
0.0901551683117011 -0.0205863946638507
0.0727253367017714 -0.0200761258315552
0.0647785931628558 -0.00814054456569465
0.052363074407176 3.45898127467293e-05
0.0402479657656864 -0.00968171163194312
0.0299000531500838 -0.029890762592484
0.0227861224720647 -0.0531938767615956
0.0203729596433253 -0.0721923678319976
0.0241273505755622 -0.07948754949641
0.0355160811804719 -0.0676807354475522
0.0581230730206069 -0.0345504608741856
0.0866098391361616 0.00183968114137877
0.109059552655295 0.0184607900660959
0.113555386706164 -0.0077160346330792
0.104350913196065 -0.0492657090351083
0.0918192295882756 -0.0512499856716862
0.0759045541056891 -0.0450382304145516
0.0671730533354113 -0.0330204009855493
0.0761908938645475 -0.0175864551065241
0.113524242280203 -0.00112635049932082
0.104031643778875 0.0363929878542026
0.0669914928008178 0.0579567034967326
0.0734481278565349 0.0230694222249673
0.0805878478669981 -0.0218304105021111
0.115352910180246 -0.105595268361905
0.159269276921183 -0.0635472160465263
0.174265494393939 -0.0111790451996652
0.154529336936704 0.00250235465177666
0.129039874377885 -0.00413578806709866
0.115970765577243 -0.0259631895903204
0.113912621180149 -0.0067653245818523
0.121612585995616 0.0443924834304012
0.135899198919953 0.00641739590964332
0.158294460099452 -0.00536603268469783
0.16092993716102 0.0483436849088276
0.139213186135997 0.0601369058523123
0.11334322539048 -0.0206560178365443
0.0960678727514882 -0.0852126955736055
0.081111980910589 -0.0410794669099229
0.0944597782493494 -0.0408872812274884
0.108052297526253 -0.0468139869168764
0.101854817589678 -0.00237415808524383
0.0695554300042719 -0.0217146485943607
0.0789554634382501 -0.0118297499459244
0.136835962070262 0.0485965823599397
0.1803961431276 0.0810277377647436
0.187054289497326 0.0604665980505923
0.171832837138844 0.013922161879056
0.149754222011558 -0.0315965720882955
0.135840880074872 -0.0490806051898921
0.119763532167513 -0.0246667585326113
0.0935981303437304 0.0133517968855815
0.0952229146037654 0.0299846578194659
0.118232045471061 0.0295399568909779
0.0954814324724812 0.00816853009387451
0.0907148358178425 0.0179062878538874
0.0436790543596181 -0.0183526328559914
0.0169143863424471 -0.0382265238079284
0.0594572813393878 0.0102185663194882
0.106449763648544 0.054233680693755
0.0930338575680171 0.0210698624823689
0.0752403229124724 -0.0319424068264758
0.121604691205372 -0.0303536617042634
0.169849278821969 -0.0377515048864863
0.168058803082518 -0.0434349235845167
0.152210802758172 -0.0519981698706352
0.133458208581323 -0.0493762115876314
0.122953951284359 -0.0215040165782945
0.125657647686872 0.0231529251663768
0.130783716329612 0.0547910188691769
0.125867290526713 0.0554681395080066
0.110685833823558 0.033723209680898
0.095208770820165 0.0107359153678043
0.0822591764126216 -0.0124747233804927
0.0746601254970141 -0.0348896865132109
0.0752346929694289 -0.0554899539795684
0.0868059537259524 -0.0732565057287833
0.0817105636881812 -0.0461650707791844
0.0538401123803764 0.00431850853151781
0.038350075102622 -0.0160219177249675
0.0658257608886694 -0.052781465962566
0.115408608180307 -0.0247015429263495
0.145088286389673 0.0142822659586726
0.112854464928908 0.0102343752674909
0.0657381655670755 -0.00561494511186638
0.0729918324605325 0.022188290772142
0.125937268602361 0.0760440715897756
0.183702452775968 0.104496587964924
0.213499256449173 0.0835295595463515
0.218775321641681 0.036702268541629
0.202978290373193 -0.0124260028416718
0.169555804663415 -0.0402959723959797
0.121955506532048 -0.023348357913723
0.093508336608574 0.0134396385808499
0.0972910168252845 0.029405814574471
0.106369861156095 0.0245819515411816
0.101204333106103 -0.0067813481955564
0.0886273986078768 -0.0543604732625536
0.0812656252765448 -0.0940141286111771
0.0917455807272349 -0.101601019192794
0.116882336909834 -0.054824574694956
0.142587430648326 0.0104923193610419
0.165132126868982 0.0313117742732171
0.168482570693913 0.031023055792029
0.150668031412163 0.0505784675030022
0.129054460200405 0.0532846774567524
0.099597874677329 0.0194854283916198
0.0652817586064806 -0.0242806820773989
0.0540132623818143 -0.0454147035847037
0.070789705330196 -0.0477752759171936
0.0950543041532313 -0.0536229157492238
0.116383055306984 -0.0579614880463785
0.124351955247519 -0.0557948577742421
0.0999322108641364 -0.0541441640756542
0.0604464313071887 -0.0454573130788114
0.0499977164243151 -0.00287832022733297
0.066905697280783 0.0184827516780167
0.0910582990170069 -0.00795169279003636
0.138911062593347 -0.012526968014876
0.156933839148657 -0.00856491465743065
0.117378019784517 -0.0263145776549164
0.0753714554053737 -0.0215120778051483
0.069841539046903 0.00834513568853731
0.0924250992424504 0.0348443784621892
0.127314140142965 0.0558766769770708
0.158700665899397 0.0693330576944455
0.152003677127363 0.0261658226035115
0.10917174352554 -0.0510045391234556
0.069191222869459 -0.0567847202505765
0.0615940074778056 -0.00244788920316545
0.0707003684785676 0.0214710723085329
0.0676792318612317 0.00147290159300229
0.0854010977391806 -0.0132916350823869
0.134457571378709 0.00635103778762528
0.152599236498674 0.0169358713683563
0.125754094014205 0.00354740604491536
0.102618926993977 -0.00223517935078045
0.115097492387162 0.0258650240167989
0.125771561917649 0.0526415818956412
0.0964978686305652 0.0376264583933233
0.0580926114569427 -0.000795840115240654
0.0717298666192948 -0.0182767313328694
0.124552467137129 -0.0100051629056722
0.136329747136966 -0.0169029233736715
0.0920500503999212 -0.0421191446058867
0.0298020590960028 -0.0543963948749245
-0.0509943850649297 -0.0430466173261871
