-0.0969876798342948 -0.0454838363926176
-0.193327846660178 -0.0250497330409132
-0.230550207275926 -0.0589123841138571
0.143713539190355 -0.0619421497765866
0.197255645719839 -0.025493502233817
0.153726228962695 0.0169750600644075
-0.01552375620903 0.0135495814638629
-0.267195625320723 -0.0642923573993562
-0.532502362255312 -0.175608842011479
-0.742656950895727 -0.279457957858737
-0.828872375124898 -0.334897790427357
-0.722361618825752 -0.300986425203571
-0.354337665881219 -0.136781947673608
0.0279685899615057 0.0309291653210228
0.103244283463944 0.0416605882510009
0.113434992793965 -0.0496797490587926
0.0967532689501237 -0.0352875935629449
0.0875197780095165 -0.0534828750112571
0.141773905332962 0.038134016395944
0.138692212342276 0.0358919545540799
0.142622664205162 0.0167859643374053
0.0888220930758007 -0.00445390454674726
0.149739771030509 -0.0473605554430071
0.123971002352673 0.0119654297966033
0.107906450194023 -0.0153048605906973
0.0903810442804242 -0.0165162880671191
0.0806768779940456 -0.00472701310062884
0.0973090067165364 -0.0405921914444609
0.10650341337757 -0.0569139343730134
0.0485999247272444 -0.119066315434432
0.127939916731959 0.00318546094324699
0.137218801566143 0.0402714370402272
0.127798928310185 0.0336593870046366
0.0868373112229917 -0.030626040166083
0.0688623615320516 0.0313869136228281
-0.162424154244404 0.00917761519442221
-0.183177404398345 -0.00870974118201857
-0.0230146441206316 -0.0344670233183378
-0.0630723754104892 0.0857185857664889
-0.193803583892924 -0.10075777444248
-0.0710214390587251 -0.000891114067435983
-0.123398771414706 -0.0508400672313148
0.0908766963803932 0.0196150304997976
0.168907052921568 0.0193909437560465
0.152192892257231 0.0357615085862633
0.191913646574016 -0.0223793172553768
0.169690441819124 -0.0282941770644917
0.143346158498638 -0.0609203726384051
0.135227108724361 -0.0692276923024365
0.155417760279188 -0.0344697661160138
0.175407426420808 0.00874019152313659
0.166685420406915 0.0257889662172883
0.108070307348151 0.00983169171175897
-0.0204548655433049 -0.0138072814625874
-0.0659367807418983 -0.123082650297843
-0.00137689511693068 -0.0895494283992676
0.0928302900972977 -0.0305158005087093
0.181995206253286 -0.000331574321613478
0.221965314433915 -0.028908982199509
0.212613690025731 -0.0590649276516363
0.153813408415277 -0.0336163141872355
0.0887018091145032 0.00903574901278667
0.0664644781632504 -0.00334712915810386
0.0359791102955 -0.107495589192719
0.174673856031107 -0.00252352817794757
0.166457089538248 -0.00709357444418259
0.0511758944779753 -0.0457260264550349
0.097421587353523 -0.0164158096657883
0.0957578091812309 0.00693557799225271
-0.00880638375223554 -0.126876619332556
0.0947305364038433 -0.0540795676827278
0.157615123952743 0.010892819613381
0.184656898340976 0.04084001287998
0.161311930349458 0.00365681285525106
0.102077237309645 -0.0704918693846658
0.0214498365529896 -0.151441122763631
-0.0660732545890532 -0.209026036205504
-0.145995018785029 -0.213081698634145
-0.203818438703485 -0.133443198973414
-0.22422341331871 -0.0644701412142512
-0.237392202216503 -0.175513564357621
0.0638882347583416 0.0038897308110884
-0.0428246074094503 -0.0215867847671016
-0.265290612294392 -0.0937910168321625
-0.461607672874192 -0.168372443393853
-0.491113204887796 -0.191413009152703
-0.406803035064605 -0.176235066216858
-0.26167299013402 -0.136160966694464
-0.108718896825443 -0.0845130626936687
-0.000936581868275834 -0.0346137063226182
0.00867812800808069 0.000214750310541031
-0.0631399817226318 0.0241774478251402
-0.166544089395305 0.0496221995807444
-0.280180728564148 0.0590865277447486
-0.380132725879619 0.0408244889954018
-0.46360546521105 0.00306085916031708
-0.527804330427773 -0.0459795859328927
-0.569934705399121 -0.0980720704566143
-0.587201973994424 -0.144991818583235
-0.576811520083016 -0.178514054485141
-0.535968727534227 -0.190414002334721
-0.461878980217391 -0.17246688630436
-0.35174766200184 -0.116447930566446
-0.208274421524404 -0.0413501476834267
0.0179028428390309 0.0402422631947223
-0.135478190211079 0.0263869776876207
0.0573107603135137 -0.00809396154332472
0.0861971801006529 0.00692702600292667
0.092397159302477 -0.0352819367716794
0.0965529819923711 -0.0153206213622887
0.123742542814546 0.0241717439370696
0.162253458977532 0.0323396876839164
0.190350312287505 -0.015388505184113
0.188610388141529 -0.0721261343806568
0.137610971936663 -0.0909864996193531
0.0329466272540977 -0.0648923655971745
-0.120173561747898 -0.0195505198919924
-0.264993955112235 0.016620841297546
-0.350768055348301 0.0218866310879416
-0.387800764457329 0.00568043157011256
-0.386396984440551 -0.0225641751650232
-0.356861617299201 -0.0534136070265476
-0.30949956503451 -0.0774342819235426
-0.254615729647713 -0.0851926177650902
-0.208573266062936 -0.0799822941425414
-0.181307172497246 -0.0720501412846967
-0.191728125609632 -0.0666404972260259
-0.235464702620077 -0.063686428318931
-0.280160346288644 -0.0590792167846955
-0.293458499375398 -0.0487101448446033
-0.2786138934823 -0.0213602337181717
-0.22881955316763 -0.00963026783053223
-0.207396986501743 -0.0451849219638841
-0.193573404766167 -0.116658754669268
-0.189489864721915 -0.158368248883916
-0.19728742313 -0.104629887545062
-0.210566888433456 -0.0424485689961489
-0.259672534037924 -0.159453580936305
-0.0173907168565857 0.0315676443302701
0.135800394880753 0.0716947565132767
0.148391345734751 0.0472332391391361
0.15718796544232 0.0117293414264338
0.119505429690722 -0.0152023240639696
0.117242037125804 -0.0423685418673573
0.118210925025318 -0.0439536289720622
0.112006066622807 -0.0373984168686855
0.102711746581396 -0.0452228303176666
0.0736331422220946 -0.0354671882211797
-0.0250965575481773 -0.0354526651455217
-0.24397792848439 -0.0772172789604413
