-0.212588842481769 -0.0587853171803765
-0.19744195450186 -0.0597602388070057
-0.149918026409092 0.0267363052444016
-0.154108560906139 -0.00947518421340874
0.0524409211673208 -0.00168780756892288
0.173711642258514 0.0298347173611172
0.168989948484736 0.0201466652615149
0.138220102265777 0.00925635128829
0.149090594322495 0.0366330322170337
0.150748029585251 0.02741463809682
0.152439472979759 -0.00593867948155227
0.145942139710358 -0.00204998027418327
0.131567892914607 0.0232156875956115
0.109469558881316 0.0566057460855478
0.0814742889851134 0.0917462647205096
0.0494092346006266 0.122263313025381
0.0151015471024837 0.141782960525046
-0.0196216221346876 0.143931276744388
-0.0529331217362594 0.122334331208292
-0.0830058003276038 0.0706181934416423
-0.108012506534093 -0.0175910670306782
-0.129846261037048 -0.109878532771196
-0.15119753773897 -0.171398548819165
-0.171435365097002 -0.204878939364792
-0.189928771568285 -0.213047528598283
-0.206046785609961 -0.198632140709844
-0.219158435679173 -0.16436059988968
-0.228632750233062 -0.112960730327999
-0.18701515837188 -0.0724716004554423
-0.0267315873125085 -0.0899814510279696
0.0761406784677475 0.0133950649743932
0.056514230556091 0.00313806154447861
-0.0103360670819526 -0.0388475401718442
-0.0299448715490629 -0.0046448310946768
-0.194579826600452 -0.0304602589161066
-0.0389125588873592 -0.0572553467994008
-0.298000049047448 -0.00928040117663797
-0.407740983078026 0.0408120034742058
-0.498877647984767 0.104523236794629
-0.535890995574286 0.0414896477722461
-0.513413776973789 -0.147683688937114
-0.45379624158868 -0.253556208935222
-0.379388638824358 -0.0666873478238467
-0.312767807457771 0.236477898709911
-0.262980544064751 0.31690537723332
-0.2182816700345 0.371434298032576
-0.224568266935861 0.324321757120485
-0.246510701330554 0.323816581767295
-0.254710415761398 0.341736204262603
-0.227074378119232 0.363979229002798
-0.180742900054519 0.385726648171162
-0.132856293217726 0.402159453950975
-0.100554869259317 0.408458638525515
-0.100978939829758 0.399805194078064
-0.151268816579514 0.371380112791901
-0.203473095419163 0.344204511791931
-0.186609585857471 0.347784567553097
-0.200151044937903 0.336923546465018
-0.254995836754989 0.149992458880158
-0.269121445249625 -0.0586771248928186
-0.372038774299497 -0.0601457541508354
0.0113820454077618 -0.0232065181467967
0.121070431008526 0.0224911640191947
0.125306920710743 0.0443211822814427
0.103858450340377 -0.024456128855978
0.102859227094794 -0.00410843400941042
0.0765055353663233 -0.0200502080243673
0.0402462064291737 -0.00255227310539992
0.0293286020933035 -0.0355543821124501
0.129448524925681 0.0417096218566135
0.120550492820163 0.0195543889878515
0.0881936936675296 0.0150556274903428
0.0105573444875549 -0.0220818965616241
-0.0798250284037422 -0.0863016434530503
-0.116393215210286 -0.11431200717709
-0.0325870061359996 -0.0428213817268977
0.0933381487631525 0.0451530353753321
0.144746131151842 0.0135650331262468
0.0702645392698532 -0.044707359143834
0.0516983528460378 -0.0246882870890991
-0.0953262526793564 -0.113127547362654
-0.239186753549011 -0.220447312017338
-0.28949309600767 -0.282748532220817
-0.275832021687523 -0.305871662693624
-0.22779027222076 -0.295657158156288
-0.174954589239571 -0.257945473329341
-0.146911714376146 -0.198577062933312
-0.173248389262674 -0.123392381688733
-0.207844809222077 -0.068592120218454
-0.184222109262031 -0.0612464318878754
-0.0660210803237444 -0.0409645785087609
0.0588317973390803 -0.0118566269806084
0.09038616581963 -0.0209377265171987
0.0817388644351937 -0.0459646593843929
0.0729432394614718 -0.00981733755682651
0.0828901139106455 -0.0204127084573108
0.132260690221499 -0.007374210038776
0.1080427496962 -0.0214432482990546
0.11604454033276 -0.0239472666182971
-0.0318230731176214 -0.0802697229028827
0.0933905045261975 -0.0274198348237919
0.117369228347244 0.0450247230781527
0.201203217788635 0.0826292529547171
0.0634119956439919 0.0280923581532204
0.0334572284156175 -0.0286471223679971
0.0947095943388732 -0.0367131770846062
0.151757851673905 -0.027496199715254
0.135832500331929 -0.0136926012454942
