-0.19970608286811 -0.146108033053907
-0.291452862792701 -0.100108726194324
-0.249098113016975 -0.117080589641931
0.101794861112992 -0.00366308892560974
0.157442889749395 -0.0388895667009686
0.172872057697198 -0.0359512651330044
0.182991667407971 -0.00550057616936298
0.157703272079592 0.00711980365093609
0.169981438818772 0.0071824881199631
0.176410406510695 -0.00536181949282803
0.0871103730629548 -0.0242172402454617
-0.104541866249056 -0.0240100562767747
-0.30871290135054 0.00528026628326641
-0.154717490568867 -0.0253089400043625
0.105542343227164 -0.0440945110737456
0.0470103255739442 0.00790484707914829
0.109677692004159 -0.0637775510525016
0.107614364674681 -0.0597626280153756
0.0718210165000095 0.00632904671277052
0.0246030645314651 -0.0156399345438798
0.0850480822273901 0.026981964185664
0.142096416398572 0.0426838951801373
0.126348418164988 0.033600362897383
0.131607942370825 -0.011073475761217
-0.241299190948342 -0.0842934406101838
-0.176165746259567 -0.0607811854311406
-0.0339577446098597 0.0528844409704493
0.0253275007164141 0.169879486270106
0.0308634746118916 0.217719105822521
-0.000797348115009726 0.213041993371638
-0.0531024926558724 0.1724868426614
-0.109499484202279 0.11269234743575
-0.153435847945813 0.0502972014386315
-0.168359109078056 0.00194009841398689
-0.168505748083696 -0.0335143795337251
-0.178031963588273 -0.0667967476772746
-0.188771949708335 -0.0862674351973473
-0.193924451645235 -0.0880868884980979
-0.189056954459339 -0.0752559099197162
-0.169736943211013 -0.0507753018023924
-0.131531902960623 -0.0176458664863164
-0.263771472000927 -0.0309108659328477
0.125550591054672 -0.00720047160465156
0.132537490562771 0.035000841034694
0.162565685976242 0.0266908341206045
0.103205510368113 -0.00172864885310338
0.14806687726919 -0.0291985518775386
0.135787374361182 -0.0367321295782034
0.110853611790603 0.00979593787925596
0.106237551957361 0.0288287028978306
0.0328490543060694 -0.0553829260096325
0.13365308862979 0.0335458262684927
0.133165205868251 -0.00754816796812162
0.0588848563965848 -0.0460688507747301
0.0114510479630682 -0.0440660568871507
0.141833451911229 0.00233362956312277
0.128102740049719 -0.0128694452201544
0.102132943259605 -0.0411868096745428
0.0560207056851809 -0.00827876625261881
0.0798365736134095 0.011898395333277
0.129165929760718 0.0180433688803766
0.155103098338091 0.0333900831908293
0.138940771888719 0.0268114399501232
0.0975060324180935 -0.00418689038436907
0.107879465552633 -0.0103858665736478
0.114212881185817 0.000207061443532986
0.0744703166184502 0.0467763663630018
0.0581942437634711 0.00927153179033367
-0.000472888691920345 -0.119486719837231
0.0908560184220218 -0.0519539102742945
0.149270336244582 0.0128334144548681
0.122996559374414 0.00240885626877079
0.0569443730944313 -0.0370668704652682
0.130266651910087 0.00216027081884412
0.141939354116968 -0.0305617612091801
0.107055174995494 -0.0486012422572712
0.0765019907679884 -0.0600715051685007
0.163845432967815 0.0465218282957544
0.173475503746279 0.0578348094400788
0.149622301662928 0.0212582343948554
0.111417261932676 -0.0558589959774066
0.107476319126112 -0.0436629404603675
0.132101302871824 -0.00268383237120685
0.119923217939007 -0.0418779104648545
0.111004347288493 -0.0715890583656552
0.125020759447371 -0.0420873161493217
0.14283148164543 0.00580338099923495
0.145295541112456 0.0312590978951037
0.128574001810401 0.0273344687821889
0.100520511087362 0.0150029301042662
0.0892727597323893 0.00108870663731835
0.111173527666318 -0.008466100311939
0.148116803874628 -0.0147124750489106
0.181996577342799 -0.0187014018790013
0.194706837056311 -0.0214838651076158
0.168141572000644 -0.0241108490401588
0.0841947711612775 -0.0276333379820352
-0.0752395764763086 -0.0331023162386497
-0.328267481926635 -0.0415687681154071
-0.582651477565044 -0.0840894043317207
-0.7439503656791 -0.176510910770092
-0.82696456215165 -0.297069234480559
-0.846494482865545 -0.424000322513157
-0.817340543703631 -0.535540121917925
-0.754303160548757 -0.6099245797449
-0.672182749283772 -0.625389643044117
-0.585779725791523 -0.560171258865615
-0.509894505954861 -0.39250537425943
-0.459327505656631 -0.1006279362756
-0.399159757363555 0.181107964267742
-0.26606899061688 0.286731333173685
-0.20977412094158 0.360338377110285
-0.20357947889232 0.383082415713416
-0.206347187783489 0.315386968327392
-0.216314148489802 0.214933982394907
-0.22140528872689 0.132066558720344
-0.222303174158394 0.0652016972286158
-0.219690370447955 0.0127563978446397
-0.214249443259215 -0.0268523395066694
-0.206662958255816 -0.0552075149003959
-0.197613481101397 -0.0738921284116245
-0.186722754775456 -0.0826980752562725
-0.174783815987388 -0.0889072299623058
-0.164002373748174 -0.0992559587279103
-0.154879360167171 -0.111801007846104
-0.147915707353739 -0.124599123609904
-0.143612347417236 -0.135707052312328
-0.142470212467021 -0.143181540246395
-0.144990234612452 -0.145079333705121
-0.151673345962889 -0.139457178981526
-0.163020478627688 -0.124371822368626
-0.179532564716211 -0.0978800101594393
-0.201710536337814 -0.058038488646984
-0.230055325601857 -0.00290400412427745
-0.32145211144233 0.0986786695868587
-0.446483558378502 0.128113923489464
-0.448481925950668 -0.0289236213049996
-0.316257787837292 -0.105077885178044
-0.0825350703869678 -0.0590515632079527
0.0954547693379376 -0.0533687605476981
0.0717777682663451 -0.0482020005761909
0.00535286164482199 -0.0318807781172667
0.077433469184659 -0.00253347674553927
0.139069301029013 0.0212634623828158
0.111950631768716 0.0117211492071835
0.15110566196946 -0.0236040594066912
0.198341882002671 -0.0654387879326822
0.221042492959755 -0.108154565311491
0.154050763657287 -0.0593081168100925
0.0815170486237578 0.0280812577568582
0.0845083303074936 0.051142736682979
0.101505662126667 0.0504495643808607
0.109973980195323 0.028602449266744
0.00790494632873952 0.00425772439867267
-0.0979800092675098 -0.00292663385107135
-0.115746862144763 0.0103919505001913
-0.144335037693803 0.0387501084712273
-0.179495121974302 0.0730420960037663
-0.216977701045934 0.104162169039538
-0.252533360968372 0.123004583520273
-0.281912687801287 0.120463595387699
-0.300866267604355 0.0874334605835479
-0.305144686437247 0.0148084350495484
-0.282322865516127 -0.0420759674208207
-0.229850625856534 -0.0472318810390448
-0.112620530033506 -0.0167258522382909
0.0482026617964316 0.0336923728565834
0.157647717502312 0.0663707786423264
0.1817985149256 0.0562284533173507
0.08809828241702 0.0189844774049724
0.0133872421982836 -0.0110171560259943
0.0700700639953062 -0.0207856538381309
0.128561212697316 -0.0188028430444289
0.0852619435653398 0.000757536267522969
-0.0429591215584729 0.0392235835472842
-0.204986467913205 0.0813662310875862
-0.34970458073794 0.11195641118116
-0.425997945271761 0.115765056120738
-0.35713665441742 0.0908437737163686
-0.175826959498829 0.05551719816454
0.00489241661318141 0.0249658013376399
0.071982751047784 0.0143700551080562
0.0580097611131438 0.000593802618039365
0.0679501289759371 -0.00489415379093422
0.102594739401762 0.0198462373343902
0.124509726193645 0.0244411410455562
0.0837098398616373 -0.010187866280232
0.0365440434434403 -0.0423659869216917
0.0287847998089035 -0.0407973617665963
0.0393857299019327 -0.0199985854961268
0.0658604875981672 0.00105857428438273
0.149135928103466 0.0205306392804329
0.220984102825473 0.0264113702991409
0.115186459942506 -0.0155151416124028
-0.113970864774234 -0.0867810015617317
-0.299432331553534 -0.144664035989835
-0.438262386217054 -0.186998735849804
-0.527525474586452 -0.211619592094732
-0.564286042483389 -0.21636109567771
-0.545608535729522 -0.199057737551832
-0.468557400146512 -0.157544008670189
-0.330197081556018 -0.0896543999858732
-0.188478533079884 -0.0188094476254664
-0.0985013949582217 0.0296070012446522
-0.059920566176924 0.0424459110533721
-0.0707069802271302 0.0225522138083632
-0.121122165365766 -0.00686259663499367
-0.20142764984976 -0.0225870264213175
-0.301884961936036 -0.00140958169522717
-0.412755629881521 0.0798812313986582
-0.500603057802428 0.1783199539081
-0.543770599614276 0.23987404402201
-0.55018970827295 0.27115437130749
-0.527791836734338 0.278771805331644
-0.484508437954325 0.269337215661575
-0.428270964888799 0.249461471864387
-0.367010870493646 0.225755443507184
-0.308659607724753 0.204830000157068
-0.273215837032303 0.181900135837604
-0.267988930515871 0.152024864726062
-0.281876408605423 0.121581086620108
-0.303775791730928 0.0969457013174083
-0.322584600322354 0.0844956086156274
-0.333629010345593 0.0903379452564983
-0.337721252513671 0.117128694166437
