-0.190960020551878 -0.0524423248438564
0.0544532724372277 -0.0510992709861804
0.132241750727802 -0.0477364513044108
0.155547678368175 -0.0121896285262137
0.0589924976099694 0.0221813366367569
0.0966995857142053 0.00524022120078231
0.140168212911762 -0.0110462554736038
0.0924371117879464 -0.0394805072978076
0.10458134388824 -0.0402386178098689
0.102024211744597 -0.0634203560830814
0.0601584114308357 -0.0156508218636807
0.0371403185489459 0.0357736054389135
0.139400780129658 0.0679937767812292
0.150375091218419 0.0348088279223657
0.0804103686858253 -0.00301611050481485
0.00278607209998279 0.0502719271509918
-0.249597052509621 -0.0549178597469513
-0.0512428504673042 -0.0578970573180269
-0.0449788290744711 0.0911412684608415
-0.0236821052285806 0.0130382342606245
0.0848491043282615 -0.0191620043716597
0.0813273371689439 0.0272662138154218
-0.0524161744038158 -0.0622677446059018
-0.188035761809927 -0.0822801994027879
0.00767119078870371 -0.0126250418159328
-0.0406208037963212 -0.0510024729213637
-0.133105315768124 0.0105329539229817
-0.251046620736901 -0.0824494945664816
-0.0145142585879563 -0.0316274342309938
0.16438181061446 0.0328329544130408
0.0882495323742867 0.0466420569484373
0.0870242392575584 0.0322629946080325
0.10395362641762 0.0150301221645737
0.129597683863968 0.03521656585082
0.132363348690327 0.0322239371901734
0.162289179824935 -0.00247736206767392
0.106740380498067 -0.00492561620632933
0.145725846407763 0.0143331293144294
0.117995705425373 -0.000612935189551119
0.0683154952886294 -0.0132405204307519
0.0721909888344315 -0.0540706334608252
0.187062912952569 0.0573885847720773
0.152882595563585 0.0264873908826146
0.104727124076418 0.0209770730830484
0.0596399483781686 -0.00868884274775953
0.128010627453309 -0.0661078444838484
0.10638831969132 -0.0417547647443818
0.0535273951761459 0.0184219543789848
0.0540264544269825 0.0328993398695558
0.0925646234638995 0.0187898408750332
0.143510279125982 0.0340112737286424
0.131462814340712 -0.0098265384863806
0.0770508176676881 -0.101662496774656
0.0584314219708413 -0.0695946922270568
0.0599078092227748 0.00980355683685604
0.0865101086406531 0.0387084974950232
0.131226501799993 0.0453866343705033
0.0911901399449859 0.0134994350710135
0.0167550048627361 -0.0283687043222557
0.0973206648554149 0.0106838845769967
0.233488441821491 0.084800499129376
0.239498543197022 0.100326597812905
0.175208865590563 0.0764670906900112
0.100477305610669 0.0324268878231212
0.0751617598658965 -0.0125891007253378
0.105852486908517 -0.0114692328838517
0.142526724723592 0.0332043059053046
0.138351146655571 0.0436918343635353
0.109579406662648 0.000295683651855281
0.0947195623018487 -0.0413934155395351
0.0831975570678022 -0.0517513451924803
0.070959056545268 -0.0380008368638885
0.0345168392752856 -0.0292811062050002
0.0278275512400986 -0.0143486859988977
0.0309860847321109 0.0164023014713933
-0.0362428876531029 0.0375400045909018
-0.152243228714221 0.0498591221070398
-0.295398801249921 0.0541543527672191
-0.444093468058883 0.0512203953188516
-0.576711091939783 0.0418519485093491
-0.6716355356913 0.0268437110861234
-0.707250662112113 0.0069903817965863
-0.661940334000899 -0.0169133406118503
-0.514088414156337 -0.0440727573917745
-0.242078765377104 -0.0736931697957746
-0.0188468560992075 -0.0603596667927142
0.0191114886681958 -0.0121942135768423
-0.00672734676805719 -0.00776999772245542
-0.0161489823194231 -0.0384507931104213
0.00522917802824972 -0.0529330947912631
-0.076474934345419 -0.0608677147251645
-0.170234919874382 -0.0797986345435568
-0.0769345576759285 -0.0633674403465818
0.0811915978464507 -0.0251338422130246
0.17386268205725 -0.0155112756682461
0.175593642329511 0.0103267746280397
0.155929448978058 0.049321157978124
0.141903592665443 0.0354742076567717
0.137200000107241 0.0070402380465406
0.11905849516016 -0.00184471377323352
0.109149907946258 -0.0104894858990343
0.0988984539329652 -0.0222578021152561
-0.0369852763287877 -0.0104869003369044
-0.24784580634218 0.00694348639475754
-0.167497297022943 0.020469761809422
0.110956646958258 0.00100941480145433
0.25565182140156 -0.0208660017152484
0.290761032289109 -0.0026640077072992
0.25719286005511 0.0354583811096305
0.19585588513377 0.0733441490198692
0.147658687959293 0.0908362803077454
0.153509848965887 0.0677777592575876
0.177844096449704 0.0337235995860062
0.154109405206017 0.0127346021578559
0.114252615170525 -0.00916205982671074
0.107852035388816 -0.0286668705869488
0.132866160146445 -0.0561062401751345
0.169536192097799 -0.0964076600094874
0.212161847643836 -0.143962573261339
0.255042843185514 -0.193162423102019
0.29247889512379 -0.238398652702858
0.318769719859623 -0.274062705235189
0.328215033793971 -0.294546023870341
0.315114553327792 -0.294240051779644
0.273767994862043 -0.267536232134431
0.198475074797684 -0.208826008106032
0.0835355095356706 -0.112500822865777
0.0472734890502756 -0.0177415357982798
0.114326498025349 0.0247983063455906
0.138464194926218 0.00351822934512002
0.100836686331235 -0.0351183013521125
0.0883207574945483 -0.0172068870031508
0.0455188708840705 -0.0457479637607914
0.020100252882942 -0.0955492413322298
0.113509597978685 -0.0206708932347544
0.166917935077962 0.019421174902341
0.114128206887774 -0.0206336874184495
0.0575797060411042 -0.0344550494856548
0.026776281407502 -0.0306898722630634
0.0512217818565162 -0.0179851167144641
-0.0341505967222512 -0.0353072723469867
-0.294785161622338 -0.0921308409840404
-0.551744318748904 -0.152864802063833
-0.626090474007111 -0.181918135024571
-0.338886033302117 -0.143699819304463
0.0333961885286723 -0.0830392557814062
0.159028460328371 -0.0484161243707598
0.171510704218534 -0.0298165662251709
0.166355292141728 -0.0342942737378604
0.164279854268284 -0.039307534450822
0.161741905857488 -0.0341838025242756
0.161425168889913 -0.0322125527408203
0.179717992001295 -0.0364127737006315
0.21533227023217 -0.0404123262467236
0.244437045170306 -0.0434139935259547
0.243201358403471 -0.0446205586851825
0.187794251519432 -0.0432348048712651
0.117973484898209 -0.0388189586503696
0.0848426429468513 -0.030242912849944
0.0754475915812748 -0.0169461498809565
0.0805309617157413 -0.0108878832738798
0.0821356194956175 -0.0104409215732238
0.0700903278872308 -0.00408191097274895
0.0548068572478501 0.00608951283563398
0.0466969779347444 0.0179737141600141
0.0561724603051826 0.0294710573084807
0.0936450747164333 0.0384819065891229
0.100199204826273 0.0774985366972033
0.0366269472737596 0.147609789407315
-0.0570983581119103 0.199610879646544
-0.141003371501542 0.184297022341976
-0.175114753065942 0.0524634324206957
-0.0800562664185019 -0.0763211068185271
0.0433232771216733 -0.0780941210898607
0.0360900404049452 -0.0491680403527131
0.0405183038369183 -0.04143839484995
0.109537823364102 -0.0448927757494364
0.114569559577348 -0.044815257139313
0.0047982640466591 -0.0101394624174996
-0.189336725385555 0.130979202783364
-0.282775803676721 0.28392346529398
-0.350236854955338 0.282456138520644
-0.412237892536587 0.257160271445846
-0.289480531744599 0.339925462901225
-0.163256015298366 0.385797135559663
-0.131569931131333 0.361995241653884
-0.112643523197194 0.351375440424386
-0.115269758028388 0.338728956806084
-0.194752148657377 0.246131434857339
-0.326651894149114 0.0768185534557026
-0.400148490084774 -0.0626784102351216
-0.416355411574774 -0.116935141243822
-0.445687452958899 -0.112819593279373
-0.481276088662375 -0.0672388921985029
-0.516252793110428 0.00289983614206233
-0.543749040728286 0.0806894658855955
-0.556896305941175 0.14922287117537
-0.54882606317432 0.191592926154658
-0.512669786852949 0.190892504966734
-0.441558951402288 0.13021448175487
-0.342143793809337 0.0636079930399787
-0.231801653648295 0.0456181421054712
-0.119754659225191 0.0600817532383704
-0.0152249388460549 0.0908356507256989
0.0725653791830845 0.121716658854479
0.134394166556198 0.136561601911734
0.161039294967257 0.119207304184487
0.143278636110232 0.053490589959759
0.0540868912064907 -0.0255186161021417
-0.0459152273131694 -0.0603689244981049
-0.0344808309406294 -0.0336513136769025
0.0581333599346396 0.0155953223038471
0.0891263602168843 0.0159050260859629
0.0886291916697661 -0.0299442908790566
0.0901635055098076 -0.052263036886795
0.0919530682654015 -0.00906529253250875
0.102057602629074 0.0242673113326261
0.0914308947297618 -0.0120688193286358
0.0818295102339705 -0.0600617211153116
0.122727988322238 -0.0499034362741774
0.161414862015995 0.01151473449736
0.143633741821326 0.0293628811766796
0.138480911276137 0.0114574805467415
0.134088130988312 0.0124375174193882
0.101602681466971 0.016529015263481
0.0757427584107168 -0.000747356460305673
0.0580023839400811 -0.0284776056117651
0.0540089072403775 -0.0339988230648421
0.0910290627054935 0.0103881414556811
0.131200248425156 0.0545235398699976
0.126287633562505 0.0375291987831713
0.116488837135418 -0.00753864228008924
0.10438709028307 -0.017600839139484
0.0594618864312677 0.00141223881229149
-0.0123347140494772 0.00784730656768503
-0.101007051556162 0.00477585999032272
-0.196559466485785 -0.00473060505616933
-0.288996299235344 -0.017600592708165
-0.368321890201836 -0.0307626071020383
-0.424540579782259 -0.041145152374163
-0.447656708373611 -0.0456767326609131
-0.427674616372889 -0.0412858520986625
-0.354598644177091 -0.0249010148237852
-0.218433132183215 0.00654927502734511
-0.0902132365393008 0.0271394424065049
-0.0563757729708064 0.0208025001621075
-0.130027571240857 0.00539782600273369
-0.227955291506931 -0.031055367269656
-0.231479606582205 -0.0172170424845623
-0.19948801597942 0.0288450767236842
-0.202783135451749 0.0176741730122952
-0.219145488106508 -0.0149727799200266
-0.226355597051016 -0.0333388083745785
-0.20219398539259 -0.00166693865265772
-0.24020455070575 -0.00620667549614297
-0.244908949601515 -0.0391449595327599
-0.173386740664449 -0.0542653728861927
-0.171745897587554 -0.111067887211489
-0.217776204695562 -0.191276266935761
-0.289267446313206 -0.27661427648612
-0.364009406765217 -0.348805680289681
-0.419791870376327 -0.389574242773554
-0.434404621471269 -0.380643728364853
-0.385637444374774 -0.30373790149069
-0.251280123411574 -0.140580526578176
-0.0509221263883339 -0.000211099763277815
0.118409748043056 0.0365660512794911
0.167260076772887 0.0493451634100155
0.15376590855963 0.0562226607405933
0.161000464243388 0.055218498384397
0.178052649518215 0.0586476226847744
0.19138891887474 0.0563347896306715
0.187475726803594 0.0381047552110343
0.152779527795407 -0.00621772458519122
0.110468600166417 -0.0473853803764887
0.0900810022025706 -0.0573603686747703
0.0876378583490512 -0.0481320723312328
0.0991602930510448 -0.031689874197073
0.129424335300018 -0.00196844753570207
0.150224877903113 0.0123083344870513
0.126669445517181 -0.0118492862181357
0.102152924059976 -0.0306034791646799
0.104145310998079 -0.036572929882491
0.103801260310952 -0.0501170027931196
0.099923572547594 -0.0371746019027666
0.107778434348806 0.0152535918952947
0.131568371681663 0.0700320950920298
0.12065320542692 0.0396579119317993
0.0821278002383873 -0.0242154038271726
0.053767874922917 -0.0776681521159203
0.0130778777784792 -0.0819135692043717
0.0534608181947808 -0.00169837568760542
0.144802074225701 -0.00673553857242181
0.142450559301402 -0.0757247308249749
0.0871124274691864 -0.0983870820883726
0.0719452785143771 -0.0848042107422069
0.123030830670766 -0.0369770143687018
0.14220990549773 -0.0165570333364261
0.140215149217468 -0.0216981875829583
0.174190660072844 0.00398112051549402
0.220549870868554 0.042726584741877
0.255706214409296 0.076783898879137
0.256073123499765 0.0883987567102201
0.198064030944657 0.0598168520180726
0.0701380213736467 -0.0166784670388256
-0.125887594382286 -0.138023292281535
-0.310194060524074 -0.244926429974973
-0.41001709756864 -0.286807129761106
-0.439487647883307 -0.278314522891877
-0.4127366538354 -0.234097740619228
-0.343895057792244 -0.1688059141951
-0.247093802121164 -0.097088174871434
-0.136463829189483 -0.0335936539001729
-0.0261360813645265 0.00702851746674189
0.0697584989863812 0.0101292079773687
0.0991445373864548 -0.0534360693605749
0.0881625091857507 -0.0894468298068293
0.0944353336381762 -0.0359513274066449
0.101821450021338 -0.0158151595036926
0.115759834281993 0.0114609230294834
0.147218060205463 0.0815041116835374
0.145306950809395 0.0875599794706274
0.0935284927205129 0.0349651964441276
0.0443084405187732 -0.0222793668900998
-0.066150168376768 -0.0345955679789992
-0.179025812706017 -0.0231431047723011
-0.111864151192784 0.0415868405310506
-0.0893714115847025 0.0858459042016852
-0.134223953987507 0.0323196400178272
-0.13100798122587 0.00134820794989394
-0.212896343848796 0.0316851144073683
-0.32184416712352 0.0350953465297048
-0.338277000400018 -0.0894136278438068
-0.27480454481718 -0.184039541350426
-0.222784468939618 -0.0880866626536275
-0.180764273255883 0.101792672046559
-0.147291458254528 0.288946126550104
-0.120913524424105 0.376721364656976
-0.146071497175713 0.367687547448424
-0.230977867708635 0.339372817983596
-0.319837335193709 0.307563313029316
-0.356854598801767 0.288045169352405
-0.286234357703646 0.296604523719687
-0.181678590701425 0.319493408964377
-0.132761902761259 0.327217489441328
-0.125893910660061 0.340118206414379
-0.148530379079937 0.361827043747517
-0.170254168295626 0.359445649390244
-0.186526569476638 0.341070059517396
-0.20982106162087 0.334027553759168
-0.235238786745637 0.334266645248108
-0.257880886868256 0.337735847116762
-0.272848504006043 0.340383672497674
-0.275242780176313 0.338158634523392
-0.260164857396382 0.32700924632646
-0.221903803821251 0.307466864980028
-0.18913758527003 0.277445463518847
-0.20714562035662 0.222851283849224
-0.269882153980074 0.145113317614584
-0.347043914081603 0.0595381264955636
-0.408327628602414 -0.0185677278272016
-0.423430025483716 -0.0738976836730759
-0.362047832666719 -0.0911451793614233
-0.199110524896466 -0.0636616049398295
-0.0155032543105918 -0.016002078511046
0.0601437350608107 0.0203343695228142
-0.0286197368270853 -0.00580922872562406
-0.07632879069758 -0.0420877320990518
-0.0289635200435101 -0.0378045490672579
-0.0051565995415821 -0.0263931974153657
0.000355443984594005 -0.0102947079514646
-0.00716391628859198 0.00804988851635587
-0.0224512071847501 0.0261995611800064
-0.0402429555274902 0.0417132792313976
-0.0552756881404227 0.0521500118624401
-0.0622859318471574 0.0550687282650443
-0.0560102134713046 0.0480283976311209
-0.0311850598364741 0.0285879891525806
0.0174530022337239 -0.00569352797866629
-0.015128222395867 -0.0428396759010579
-0.0765939391826657 -0.0479466116795398
-0.00365604348222992 -0.0350530254681222
0.115652432540086 -0.0326906685162552
0.145663741362583 -0.0306491156649479
0.079476358683751 -0.0233131338662944
0.0564654737429489 -0.02823072082806
0.0916640223542751 -0.0213652456427962
0.0993108804284915 -0.00998970446674338
0.120793115649519 -0.00743438276861843
0.182118802514592 0.0180209570495435
0.187855573924795 0.0435934934904847
0.139715627515768 0.0444748149505894
0.092903553543917 0.0137034593002926
0.0929912084699494 -0.0164264564085292
0.0886095060563177 -0.0292557599130246
-0.0244182427072468 -0.0366262836067445
-0.101191145523751 -0.0115230775180265
-0.0595995383253174 0.00279675679180173
-0.0276089906353003 -0.0581692603319423
