-0.211834891615493 -0.067425538601806
-0.115601289574017 -0.0379540212773307
-0.0403884238472094 -0.0162791045872616
-0.00131755060481333 -0.0102062421562054
-0.0025259591414789 -0.0225169915282128
-0.0301144384966579 -0.0452431881307993
-0.0701837777098022 -0.0704166673914808
-0.108834765820364 -0.0900692647377728
-0.132168191867795 -0.096232815597191
-0.126284844891547 -0.080939155397251
0.0329207455627131 -0.0720615729092696
-0.0461813711592136 -0.00770518701327285
-0.00862916410610657 0.0224398265813045
0.0311571207436852 0.0503612524409545
0.0623490365785587 0.0724648364081033
0.0741181365869107 0.0851563243251773
0.0556359739571378 0.0848414620346025
-0.00392589812236313 0.0679259953788054
-0.115395926463195 0.030815670200212
-0.197070647733315 -0.00955078978557025
-0.147932195836959 -0.0330496165595767
0.048151137540506 -0.0386286862562423
0.234604553428957 -0.0116842721742836
0.257484266296136 0.0371075280011046
0.192222530010989 0.0744893386143576
0.114251598442463 0.0672037840099106
0.0990037254595038 -0.0180065114678011
0.138930726710024 -0.0382001637756067
0.117781889876798 -0.0321627265365108
-0.0152439541134259 -0.0276240128960886
-0.201452480527008 -0.0264391499889581
-0.286539268604475 -0.0244881046921705
-0.103576820450807 0.00263298095492273
0.00807028431721164 0.000913680726934947
0.00368373062050648 -0.021060147167305
-0.152667655425528 -0.0795552660883238
-0.0827401260448528 0.00371654620478725
0.116568144572361 0.0236793256200419
0.174192341738878 0.00695191298660046
0.157461284829836 -0.00689327855326781
0.143715909144675 -0.0101583419261691
0.128538297439105 -0.00658532112041053
0.12872406264321 0.0150585641782037
0.104777354239477 -0.0301929090901502
0.0955219954320165 -0.0806653726002386
0.0869834561532035 -0.0437242896332603
0.0968020762735744 -0.000245835744021877
0.125116337525649 0.0536503389711033
0.151953840718411 0.0928967530065474
0.159055270594181 0.107654046146682
0.153576796539324 0.103177243951365
0.142674587940204 0.0847213719804507
0.133504814183186 0.0575414557937962
0.133223644654636 0.0268925209512576
0.148987248740917 -0.00197040698730886
0.170859800548948 -0.018373604638883
0.188814497139041 -0.00395637672772417
0.16273444838159 -0.0546460459578574
0.104457066115085 -0.00533697319397849
0.139648823016207 0.0294248815247274
0.152044150052479 0.0497654375090288
0.0844810613417206 0.0488660042508167
0.0036256543997384 0.0363530629641951
-0.0238559732576627 0.0218530948632682
0.0758832897966236 -0.00434124118822355
0.0190916386634005 -0.0488304519136291
-0.125621280602112 -0.0851329150973044
0.0949992856756496 -0.0592632663604544
0.122249522653185 -0.0829384174094453
-0.311969414579334 -0.0951356273217188
-0.512705430034899 0.148854016979365
-0.372382442625367 -0.0702676455099781
-0.392274272572452 -0.0744224586224191
-0.395068517538254 -0.0644932245870974
0.0759911983362312 0.00788914645524002
0.0812713899506025 0.0367875356184164
-0.0534484885140732 -0.010648161943139
-0.000236046947596451 -0.00813713176636683
0.0577651735733987 -0.000215928105103139
0.00639814691949054 -0.0111017215073297
-0.108239375950231 -0.0324122119212186
-0.240049644076675 -0.0557650992949416
-0.342934906500753 -0.0727780835766707
-0.370797412263373 -0.0750688647145779
-0.277539410405447 -0.0542551426568349
-0.168370610790795 -0.033115041895293
-0.157815580139569 -0.0247250837309996
-0.429468072622644 -0.160154763145491
-0.435939349995169 -0.0557117705125564
-0.35901825350974 -0.137040912109579
-0.266057895811795 -0.26183234608374
-0.235470259776529 -0.341022304965677
-0.252034011003163 -0.380000037573876
-0.300527815090916 -0.384154792726827
-0.365730337639008 -0.358875819243017
-0.432420244246658 -0.309552365940934
-0.485376200513087 -0.241573681639067
-0.509376872037513 -0.160329015155902
-0.489200924419157 -0.0712076153099285
-0.409627023257237 0.0204012690803659
-0.33805023065471 0.0989923336236855
-0.383510491730964 0.138088200219267
-0.276001799904734 0.262544295662074
-0.22008184198856 0.374124691040574
-0.206342653569983 0.354303481150526
-0.148335739291548 0.377240112645363
-0.211853400586037 0.313021528349422
-0.178894232964126 0.359724467084036
-0.189322835544601 0.271348697612025
-0.357666222370706 -0.0460487658716363
-0.444514019960057 -0.0726431234836509
-0.447864751488808 -0.0138087615181049
-0.340531294625605 -0.0142758327843354
-0.127570394784202 -0.0278645032820453
